788.87600
797.25060
797.36370
813.54620
820.08420
828.29230
828.55650
828.79410
829.15750
844.01780
844.20100
844.23610
844.30600
844.34860
844.37590
844.48740
844.49690
844.51570
855.84420
859.48470
859.60100
859.65190
859.67010
859.76810
859.77820
859.81090
859.81200
859.85630
859.88070
860.13720
860.14720
870.12890
872.00740
875.10320
875.19880
875.22110
875.23900
875.26030
875.28280
875.30150
875.33470
875.37540
875.41940
875.51210
875.55100
875.55950
875.57750
875.58370
875.60810
875.79670
875.79890
876.00950
876.03570
876.22550
883.51200
884.87620
886.16270
886.55040
886.66890
890.81890
890.94020
890.94430
890.98070
890.99840
891.02120
891.04600
891.10490
891.13050
891.13920
891.13980
891.14520
891.15220
891.15230
891.15980
891.20150
891.20680
891.22180
891.25460
891.30160
891.31650
891.32000
891.37960
891.40940
891.59550
891.64990
891.76620
899.30480
902.75580
906.39570
906.39670
906.46620
906.51580
906.53380
906.57640
906.67830
906.74090
906.79480
906.80420
906.81270
906.82560
906.94970
906.97070
906.98240
907.02790
907.09170
907.12390
907.18090
907.20580
907.26520
907.27160
907.47080
907.73010
918.87140
921.88710
922.05700
922.06350
922.09550
922.10840
922.10920
922.12580
922.13510
922.15170
922.15700
922.23380
922.28810
922.29610
922.29840
922.35830
922.39710
922.41760
922.43430
922.48270
922.54080
922.56620
922.73130
923.21540
923.31820
926.54730
932.11900
935.04750
937.70470
937.72430
937.76710
937.78310
937.81440
937.81640
937.81860
937.82260
937.83830
937.84030
937.84510
937.84780
937.87820
937.89050
937.91540
937.94440
937.95360
937.95380
937.96850
937.96960
938.02410
938.04950
938.09580
938.14000
938.29250
938.30690
938.61270
938.86010
939.82180
943.14960
949.16090
953.09520
953.29200
953.31520
953.33620
953.35850
953.38240
953.41630
953.43950
953.44780
953.60270
953.66840
953.68270
953.73260
954.06030
957.17050
968.89990
968.95450
969.41720
984.79460
984.81040
984.93820
992.64290
1000.01580
1000.32640
1000.39540
1000.73850
1000.95700
1016.59340
1031.67450
