===== 第 1 轮测试 =====
31.34020
31.34410
31.40940
31.41610
31.46570
31.62890
31.63090
31.66640
31.73230
31.75260
31.77830
31.82550
39.63030
40.37090
40.46600
42.58320
42.87070
45.36780
46.27980
46.87730
46.90880
46.93090
46.93850
46.94720
46.95540
46.95950
46.96130
46.96460
46.97190
46.97500
46.97870
46.98020
46.98100
46.98240
46.98530
46.98750
46.98860
46.98960
46.99540
47.01070
47.01410
47.02030
47.02600
47.03760
47.03840
47.03930
47.04230
47.04830
47.05190
47.05770
47.06180
47.06210
47.06500
47.06630
47.06780
47.07880
47.08930
47.09480
47.09690
47.10020
47.10540
47.10630
47.10670
47.10710
47.10850
47.11300
47.11930
47.12590
47.12900
47.13310
47.13680
47.13930
47.14610
47.14930
47.15260
47.15550
47.16180
47.16280
47.16980
47.18420
47.18600
47.18760
47.18820
47.18910
47.19470
47.19690
47.20380
47.20550
47.20570
47.20630
47.21400
47.22080
47.22150
47.22710
47.23640
47.23700
47.24160
47.24970
47.25130
47.25340
47.25480
47.25600
47.26120
47.26270
47.26710
47.27410
47.27850
47.28870
47.29440
47.29570
47.29580
47.30250
47.30760
47.30970
47.31020
47.31660
47.31800
47.33270
47.34030
47.34210
47.34730
47.34850
47.35130
47.35450
47.35700
47.35800
47.36310
47.36730
47.38780
47.38840
47.38980
47.38990
47.39520
47.40040
47.40080
47.40790
47.41800
47.44280
47.45470
47.45730
47.46220
47.47950
47.57050
58.80980
59.16560
61.93310
62.02630
62.04050
62.06280
62.16810
62.35050
62.35690
62.43790
62.50240
62.52370
62.55900
62.55940
62.57370
62.58110
62.58840
62.59790
62.60600
62.60950
62.61480
62.61580
62.61730
62.61740
62.64000
62.65310
62.66950
62.67720
62.68730
62.68920
62.69630
62.70220
62.70500
62.71230
62.72420
62.72670
62.73490
62.74250
62.75630
62.77970
62.78970
62.79180
62.79350
62.80160
62.81140
62.86870
62.88180
62.88610
62.89760
62.91740
62.92460
62.93610
62.99450
62.99640
63.03460
63.31890
63.37510
===== 第 2 轮测试 =====
31.32930
31.38860
31.43660
31.43790
31.49510
31.52880
31.59290
31.65290
31.70160
31.71680
31.76680
31.86640
32.32040
40.39480
40.53020
41.37580
42.86660
43.19300
46.91180
46.91740
46.92300
46.92800
46.92920
46.93680
46.94590
46.94770
46.96520
46.96540
46.97080
46.98320
46.98340
46.99360
46.99650
47.00030
47.00120
47.00210
47.00220
47.00980
47.01460
47.01520
47.01780
47.02730
47.03050
47.03830
47.03930
47.04080
47.04380
47.04400
47.04410
47.04490
47.04600
47.04840
47.04950
47.05090
47.05610
47.05800
47.06030
47.06330
47.06710
47.06740
47.06930
47.08000
47.08730
47.08830
47.09040
47.09610
47.09930
47.10060
47.10230
47.10340
47.11800
47.11890
47.11940
47.12410
47.12650
47.12850
47.13180
47.13260
47.13370
47.13740
47.13910
47.15680
47.16430
47.17450
47.17690
47.17820
47.17910
47.18260
47.18940
47.19250
47.19350
47.19470
47.19720
47.19730
47.20220
47.20420
47.20490
47.20660
47.21000
47.21250
47.21440
47.21750
47.22090
47.22140
47.23870
47.26150
47.26330
47.26470
47.26490
47.26510
47.27400
47.27610
47.28100
47.28720
47.30800
47.30920
47.30950
47.30950
47.31440
47.31490
47.31550
47.31930
47.32000
47.32290
47.33390
47.33470
47.33770
47.33830
47.33900
47.34360
47.34520
47.34530
47.34890
47.35160
47.35760
47.36230
47.36610
47.37030
47.37180
47.37800
47.38220
47.38530
47.38630
47.38830
47.39200
47.39890
47.39980
47.40380
47.41600
47.42890
47.44620
47.45150
47.51970
47.54430
47.61680
52.46740
52.72020
54.28940
55.12130
55.22520
55.44920
57.05530
57.68030
58.15610
62.39100
62.47220
62.56380
62.56760
62.60790
62.63480
62.65380
62.65540
62.65670
62.65800
62.66450
62.67500
62.67760
62.75710
62.75820
62.76280
62.78640
62.78980
62.79420
62.82100
62.83500
62.83590
62.86410
62.86540
62.87020
62.87780
62.88750
62.90160
62.90750
62.92440
62.94780
62.95270
62.96100
62.96910
63.00980
63.09340
===== 第 3 轮测试 =====
27.24550
31.37060
31.43350
31.48780
31.52980
31.63510
31.67910
31.70610
31.74340
31.76740
31.79500
35.93510
38.90950
39.94940
41.34940
42.34410
42.66480
45.15750
46.48390
46.90480
46.90660
46.91250
46.91660
46.91690
46.91700
46.92750
46.92850
46.93890
46.95000
46.95180
46.95350
46.95460
46.95700
46.95750
46.96020
46.96240
46.96530
46.96810
46.97350
46.97800
46.97950
46.98050
46.98300
46.98350
46.98760
46.99100
46.99890
47.00750
47.01390
47.01500
47.01860
47.02470
47.03500
47.04450
47.04860
47.05190
47.05430
47.05920
47.06220
47.06360
47.06580
47.06610
47.06640
47.06780
47.06980
47.07140
47.07300
47.07530
47.07940
47.08110
47.08290
47.09050
47.10130
47.11760
47.11900
47.12150
47.12320
47.12420
47.13720
47.14510
47.14730
47.15340
47.15390
47.15580
47.16890
47.17260
47.17500
47.18260
47.19450
47.19660
47.19880
47.20510
47.21300
47.21320
47.21720
47.21880
47.22060
47.22110
47.22330
47.22790
47.23700
47.23880
47.24000
47.24160
47.24420
47.24470
47.24650
47.24660
47.24690
47.26090
47.26390
47.26420
47.27780
47.28220
47.28920
47.29570
47.29930
47.30320
47.30590
47.30790
47.30870
47.31500
47.31610
47.31960
47.32090
47.32250
47.32610
47.32660
47.33560
47.33670
47.34650
47.35350
47.35750
47.37140
47.37920
47.38070
47.38270
47.38560
47.39010
47.39110
47.39370
47.39880
47.39990
47.43100
47.44310
47.45740
47.47990
47.52970
47.55780
47.57910
55.54180
62.04550
62.15010
62.28040
62.31990
62.41740
62.47590
62.50090
62.52710
62.54720
62.55210
62.58820
62.64310
62.64710
62.65020
62.65370
62.67020
62.67390
62.68440
62.68650
62.70110
62.70520
62.70900
62.73000
62.73350
62.76330
62.79470
62.79840
62.81640
62.82990
62.83040
62.83130
62.83340
62.84350
62.86190
62.86920
62.87420
62.89410
62.91740
62.91820
62.92890
62.93010
62.93800
62.95050
63.00970
63.01450
63.01790
63.04270
63.17000
63.26570
===== 第 4 轮测试 =====
31.33990
31.36210
31.37160
31.37430
31.43830
31.54880
31.56590
31.57930
31.59850
31.59980
31.65010
31.66060
31.67790
31.68590
31.68800
31.72810
31.73580
31.77320
31.78140
40.04240
41.33510
41.46900
41.54700
45.14450
46.12350
46.40250
46.86820
46.87350
46.92560
46.93090
46.93460
46.94280
46.95280
46.95430
46.95500
46.95920
46.95970
46.96390
46.96540
46.96590
46.96860
46.97210
46.97270
46.97610
46.97740
46.98080
46.98450
46.98860
46.99900
46.99930
47.00030
47.00860
47.01000
47.01290
47.01680
47.01690
47.02780
47.03170
47.03340
47.03830
47.03910
47.04060
47.04480
47.05180
47.07010
47.07690
47.07770
47.08530
47.09090
47.09240
47.09290
47.09830
47.10060
47.10070
47.10530
47.10710
47.10990
47.11620
47.11670
47.12450
47.12570
47.13220
47.13550
47.13980
47.14250
47.14350
47.14810
47.15860
47.15930
47.17540
47.17610
47.17860
47.19000
47.19220
47.19670
47.19690
47.19720
47.19830
47.20070
47.20610
47.21110
47.22020
47.22390
47.22580
47.23110
47.23240
47.23690
47.24310
47.24330
47.24970
47.25670
47.25710
47.26840
47.28320
47.28540
47.28810
47.28880
47.29880
47.29930
47.30120
47.30550
47.31570
47.31790
47.32250
47.32480
47.33790
47.34040
47.34770
47.35080
47.35390
47.37140
47.37550
47.37570
47.38000
47.38410
47.39210
47.39750
47.40350
47.40430
47.40930
47.41070
47.41950
47.42580
47.45420
47.47240
47.53830
47.68740
55.30240
57.04820
60.57770
62.10720
62.24700
62.30450
62.32360
62.44950
62.46700
62.49850
62.50050
62.53820
62.53930
62.55350
62.57370
62.62070
62.62680
62.62960
62.65590
62.65720
62.66130
62.67220
62.67330
62.68900
62.68950
62.69270
62.71260
62.72870
62.75250
62.75870
62.77840
62.78830
62.79040
62.80600
62.83110
62.83840
62.85480
62.86310
62.86610
62.88160
62.88330
62.90130
62.91880
62.92930
62.93990
62.95070
62.96320
62.96580
62.98430
62.99120
63.00770
63.01390
63.02110
===== 第 5 轮测试 =====
28.09250
30.71540
31.38630
31.38750
31.39350
31.46810
31.50480
31.50690
31.58190
31.58780
31.74660
31.78230
41.91320
42.43240
43.06130
44.45160
45.84280
46.84950
46.90740
46.91240
46.91350
46.91720
46.92320
46.92470
46.92790
46.93150
46.93180
46.93620
46.93750
46.93840
46.94310
46.95150
46.95230
46.96110
46.96640
46.96840
46.97380
46.97560
46.98330
46.98350
46.98350
46.98810
47.00380
47.00630
47.01240
47.01340
47.01460
47.01560
47.01760
47.01940
47.02560
47.03370
47.03480
47.03550
47.03660
47.03690
47.03940
47.04690
47.04790
47.04820
47.05010
47.05370
47.05450
47.05480
47.05520
47.05770
47.06240
47.06490
47.06700
47.06780
47.06830
47.07590
47.07930
47.08130
47.08170
47.08790
47.09860
47.10520
47.11140
47.11590
47.12270
47.12950
47.13110
47.13410
47.13490
47.13540
47.14730
47.15030
47.15080
47.15300
47.15350
47.15630
47.16030
47.16910
47.17250
47.17260
47.18250
47.18390
47.19300
47.19380
47.19890
47.20260
47.20720
47.21370
47.22590
47.23000
47.23480
47.25930
47.26720
47.26820
47.26910
47.26990
47.27020
47.27450
47.28590
47.29010
47.29140
47.29990
47.30130
47.30170
47.30590
47.31060
47.32450
47.32450
47.32500
47.32720
47.32980
47.33500
47.33520
47.33580
47.33690
47.34260
47.34330
47.34640
47.35390
47.35590
47.35670
47.36440
47.36870
47.37140
47.37530
47.38000
47.38110
47.38430
47.39360
47.39460
47.40330
47.40790
47.40830
47.45450
47.46800
47.48260
47.54250
47.63710
47.66230
47.79630
49.95670
54.16160
55.59240
56.05250
56.72520
62.01430
62.06800
62.52420
62.53650
62.55780
62.56530
62.56810
62.57580
62.60960
62.65860
62.66330
62.66700
62.66820
62.68150
62.68160
62.68390
62.69000
62.69320
62.69650
62.69850
62.70760
62.76420
62.77080
62.77370
62.77670
62.78460
62.80680
62.86340
62.86760
62.88300
62.90430
62.92840
62.94220
62.96700
62.99340
63.01180
63.07070
63.09240
63.13420
===== 第 6 轮测试 =====
26.72560
26.85540
27.90540
28.41380
31.17490
31.32610
31.37040
31.38300
31.42900
31.43750
31.48890
31.49000
31.50690
31.56070
31.57950
31.58290
31.59590
31.63270
34.37650
39.47180
41.81140
43.96690
46.65360
46.91180
46.91670
46.91690
46.94200
46.94660
46.94680
46.94870
46.95440
46.95810
46.95870
46.95910
46.96250
46.96390
46.96410
46.96870
46.97050
46.97150
46.97770
46.98100
46.98280
46.98440
46.99040
46.99370
46.99600
47.00430
47.00530
47.00730
47.00850
47.00970
47.02140
47.03130
47.03640
47.04290
47.04940
47.05030
47.05540
47.05580
47.05950
47.06360
47.06530
47.06800
47.06800
47.07250
47.09170
47.09290
47.09690
47.09810
47.09930
47.10250
47.10330
47.10790
47.10810
47.10830
47.10910
47.11210
47.12120
47.12400
47.12400
47.12880
47.13080
47.13090
47.13820
47.14030
47.14160
47.14210
47.14680
47.14700
47.15050
47.15170
47.15740
47.16540
47.16890
47.17530
47.18000
47.19730
47.19820
47.20270
47.20850
47.21100
47.22420
47.22550
47.23140
47.23160
47.23170
47.23200
47.24100
47.24930
47.24930
47.25430
47.25860
47.27320
47.27430
47.27820
47.28150
47.28410
47.28650
47.28930
47.29230
47.29760
47.30500
47.30990
47.31010
47.31150
47.31510
47.31580
47.32200
47.32650
47.33020
47.33370
47.34090
47.34540
47.34730
47.35480
47.35550
47.35620
47.36070
47.36080
47.36110
47.36260
47.36850
47.36980
47.37920
47.38140
47.38180
47.39250
47.39550
47.41800
47.43620
47.46170
47.47440
47.55580
47.57410
54.28500
56.49940
56.84130
62.34130
62.50830
62.53540
62.57990
62.58070
62.58840
62.60450
62.60450
62.60490
62.62510
62.62920
62.64700
62.67290
62.68920
62.70240
62.71160
62.72550
62.76220
62.76230
62.76450
62.76570
62.76690
62.77340
62.78560
62.79300
62.79570
62.79890
62.82950
62.84350
62.87040
62.89130
62.91360
62.91400
62.92220
62.94150
62.96990
62.99690
63.01470
63.02270
63.04790
63.06690
63.35110
===== 第 7 轮测试 =====
31.32300
31.35290
31.36090
31.39640
31.46230
31.50880
31.56320
31.59580
31.61310
31.66330
31.69380
31.72710
31.73420
31.77190
31.79740
41.88410
42.57880
46.90430
46.90640
46.92270
46.92300
46.92930
46.93340
46.93540
46.93600
46.93620
46.93990
46.94060
46.94080
46.94490
46.94690
46.94710
46.95310
46.95760
46.96490
46.96540
46.96910
46.97150
46.97250
46.97460
46.97610
46.97970
46.98430
46.98620
47.00130
47.00680
47.00770
47.02120
47.02290
47.03620
47.04510
47.04900
47.05190
47.05620
47.06110
47.06470
47.07030
47.07140
47.07590
47.07770
47.08020
47.08850
47.09470
47.10960
47.11590
47.12010
47.13070
47.13310
47.13530
47.13560
47.14640
47.14980
47.15190
47.15350
47.16720
47.17030
47.17060
47.17350
47.17450
47.17480
47.17550
47.17910
47.18080
47.18120
47.18820
47.18840
47.19320
47.19930
47.20240
47.20300
47.20430
47.21500
47.21870
47.22290
47.23890
47.24050
47.24970
47.25330
47.25420
47.26750
47.27010
47.27190
47.27760
47.27790
47.28350
47.28630
47.28710
47.28760
47.28780
47.29090
47.29140
47.30520
47.30780
47.31120
47.31710
47.32970
47.33290
47.34590
47.36270
47.36470
47.36930
47.37000
47.37030
47.37180
47.37420
47.37510
47.38050
47.38330
47.38390
47.38540
47.38550
47.38780
47.39130
47.39180
47.39280
47.40010
47.40470
47.40860
47.42650
47.43060
47.43250
47.44140
47.45530
47.46380
47.49290
47.73560
49.03930
58.68860
59.19690
59.75260
62.10080
62.15340
62.31210
62.35720
62.38240
62.40320
62.50210
62.51860
62.53730
62.55730
62.55800
62.56260
62.56730
62.56780
62.57060
62.63430
62.63550
62.63660
62.64320
62.65020
62.66190
62.67070
62.67090
62.67600
62.70250
62.70600
62.70720
62.73840
62.76460
62.79630
62.79830
62.82310
62.82620
62.85130
62.86120
62.88120
62.91380
62.93570
62.93900
62.94010
62.97620
62.97830
62.98930
62.99260
63.00750
63.00860
63.01880
63.01950
63.03730
63.10360
===== 第 8 轮测试 =====
31.29560
31.30560
31.34430
31.54740
31.57270
31.78440
39.38800
42.69670
45.62980
46.41540
46.60270
46.79910
46.84080
46.85010
46.91630
46.91960
46.92210
46.92670
46.93890
46.93950
46.94040
46.94690
46.95410
46.95600
46.95640
46.96150
46.96440
46.96600
46.96800
46.96820
46.97280
46.97550
46.97940
46.99090
46.99360
47.00040
47.00430
47.00570
47.00660
47.01140
47.01270
47.02000
47.02150
47.02820
47.02890
47.03340
47.03730
47.04350
47.04560
47.05390
47.05870
47.07000
47.07060
47.07490
47.07700
47.07850
47.08190
47.08590
47.08610
47.09800
47.10850
47.10880
47.10920
47.12300
47.12400
47.12800
47.13030
47.13180
47.13390
47.13860
47.13930
47.14710
47.14930
47.15080
47.15400
47.16230
47.16280
47.16650
47.16750
47.17070
47.17110
47.18500
47.18770
47.18940
47.19270
47.19460
47.19570
47.19750
47.20070
47.20290
47.20540
47.20600
47.20600
47.20930
47.21630
47.22260
47.23220
47.23320
47.24100
47.24190
47.24750
47.24810
47.25610
47.26030
47.26030
47.26080
47.26450
47.26600
47.26860
47.27020
47.27030
47.27730
47.28210
47.28210
47.28400
47.28610
47.29430
47.29730
47.29820
47.29970
47.30030
47.30780
47.32150
47.32350
47.32910
47.32930
47.33290
47.33680
47.34560
47.35300
47.35360
47.35980
47.36210
47.36840
47.37460
47.37690
47.38460
47.38540
47.39220
47.39490
47.39960
47.40060
47.40240
47.41280
47.41360
47.41770
47.42230
47.42560
47.43020
47.51690
47.68930
47.71230
48.95660
54.65340
55.08240
62.18830
62.25570
62.43210
62.47220
62.54280
62.56620
62.60030
62.61220
62.63620
62.63640
62.63990
62.64760
62.64960
62.66690
62.67050
62.68850
62.69570
62.70260
62.71080
62.72280
62.73090
62.73660
62.75600
62.76220
62.77960
62.78660
62.79430
62.79870
62.81780
62.83830
62.87230
62.88100
62.88310
62.88710
62.89530
62.89970
62.91260
62.91320
62.95250
62.95720
62.96240
62.96500
62.99880
63.02060
63.08500
===== 第 9 轮测试 =====
28.31340
28.74370
29.27550
30.83470
31.39370
31.42180
31.43830
31.50800
31.53180
31.57050
31.60200
31.69620
31.73250
31.81570
33.21100
39.51750
39.82750
39.96860
40.17010
40.41320
40.62770
40.84210
41.38630
42.93000
44.84160
46.62640
46.82820
46.86370
46.87820
46.92760
46.93470
46.94250
46.95020
46.95650
46.95800
46.95970
46.96000
46.96340
46.97250
46.97800
46.97820
46.99300
46.99780
47.00010
47.00220
47.00510
47.01250
47.01590
47.02220
47.02380
47.02680
47.03840
47.03960
47.03980
47.04200
47.04530
47.05100
47.05200
47.05630
47.05830
47.07000
47.07020
47.07270
47.07570
47.07750
47.08360
47.08470
47.08510
47.08830
47.09230
47.09320
47.09410
47.09420
47.09470
47.09480
47.09540
47.10640
47.11070
47.11150
47.11230
47.11300
47.11770
47.12400
47.12620
47.14010
47.14270
47.14440
47.14470
47.14480
47.14510
47.15810
47.16880
47.17040
47.17570
47.17670
47.17780
47.17910
47.18420
47.18560
47.19210
47.19840
47.19850
47.19910
47.20040
47.20980
47.21420
47.21580
47.21970
47.22210
47.24220
47.24530
47.25330
47.26010
47.26320
47.26610
47.26690
47.26710
47.27020
47.27470
47.27950
47.28320
47.28360
47.28510
47.29430
47.29680
47.30160
47.30380
47.30390
47.30510
47.30880
47.31140
47.31140
47.31830
47.32620
47.32950
47.32970
47.33210
47.34120
47.34170
47.34280
47.34640
47.34740
47.34920
47.35680
47.36970
47.37610
47.38170
47.38600
47.38830
47.39240
47.39470
47.39640
47.39990
47.40020
47.40770
47.40930
47.41120
47.42400
47.52270
47.55140
47.57580
47.78720
55.72020
62.45240
62.45950
62.50110
62.54270
62.54290
62.55040
62.56250
62.56810
62.57160
62.62090
62.64920
62.64930
62.65560
62.67800
62.68220
62.70090
62.70590
62.71770
62.71870
62.73330
62.75290
62.75640
62.77200
62.78270
62.78420
62.78890
62.78980
62.79240
62.79270
62.80800
62.81300
62.81650
62.89070
62.90340
62.94770
62.98510
63.06770
===== 第 10 轮测试 =====
31.31500
31.35840
31.43610
31.46460
31.47100
31.47740
31.56550
31.58520
31.60440
31.60570
31.64620
31.68530
31.69100
31.72180
33.03540
40.40040
41.05630
43.85130
44.84960
46.08650
46.45630
46.82990
46.87040
46.89270
46.91730
46.92410
46.92470
46.94110
46.94250
46.94430
46.94440
46.95120
46.95230
46.95410
46.95800
46.95980
46.96070
46.96370
46.96650
46.97320
46.97450
46.98290
46.98670
46.99350
47.00480
47.00930
47.01410
47.02010
47.02790
47.04270
47.05050
47.05070
47.05160
47.05270
47.05350
47.05780
47.07390
47.08000
47.08290
47.08390
47.08410
47.08570
47.08630
47.09190
47.10020
47.10130
47.10130
47.10250
47.11220
47.11800
47.12100
47.12930
47.13100
47.13180
47.13720
47.14710
47.15040
47.15300
47.15340
47.15590
47.15740
47.15900
47.16170
47.16460
47.16670
47.16930
47.17590
47.17800
47.18040
47.18460
47.18510
47.18640
47.18830
47.18980
47.19760
47.20270
47.23100
47.23290
47.23510
47.24620
47.25130
47.25270
47.25470
47.25480
47.25610
47.26100
47.26740
47.26830
47.26970
47.26980
47.29500
47.30060
47.30470
47.30720
47.30880
47.30910
47.31430
47.31950
47.32000
47.32100
47.32130
47.32360
47.32490
47.33630
47.33670
47.33790
47.34870
47.35620
47.36120
47.36920
47.37020
47.37220
47.37370
47.38050
47.38210
47.39110
47.39270
47.39460
47.39510
47.39870
47.40110
47.40530
47.41470
47.42940
47.44260
47.45700
47.49130
47.50170
47.51790
47.74820
48.61210
56.66660
56.82420
57.02600
62.26830
62.45180
62.52940
62.54580
62.56790
62.57530
62.59620
62.60270
62.63570
62.64050
62.64770
62.65500
62.66410
62.71370
62.71930
62.72510
62.73360
62.73600
62.73840
62.75100
62.76220
62.76520
62.79190
62.82790
62.85020
62.86310
62.87490
62.88860
62.89310
62.90280
62.90530
62.90770
62.91220
62.92120
62.92720
62.93430
62.94780
62.95540
62.95950
62.98100
62.98290
62.98910
63.00120
63.00490
63.01920
63.40410
