===== 第 1 轮测试 =====
656.66840
656.67720
656.76310
672.09070
672.10510
672.40130
672.50200
672.70550
672.78500
687.63710
687.66870
687.71360
687.71450
687.75840
687.78930
687.81740
687.86340
687.88770
687.95890
687.98840
687.99350
688.06050
688.08460
688.13440
688.14380
688.33480
688.50850
688.58930
703.26620
703.30330
703.38980
703.39890
703.48170
703.51640
703.61590
703.68950
703.70550
703.71750
703.74890
704.00800
704.31500
704.36250
709.53700
718.75670
718.88250
718.89830
718.95640
718.96950
719.01090
719.01160
719.05360
719.06350
719.09670
719.10860
719.12120
719.13010
719.14480
719.16600
719.22070
719.22110
719.29110
719.29800
719.31280
719.31710
719.33670
719.37360
719.39890
719.42330
719.51870
719.56020
719.57680
719.60800
719.68590
719.77790
734.39500
734.47360
734.50630
734.52730
734.53920
734.55060
734.57060
734.57290
734.59360
734.62540
734.62670
734.64470
734.69440
734.69730
734.72030
734.72470
734.73320
734.74800
734.75130
734.78510
734.86810
734.87040
734.93140
734.93690
734.94710
734.95350
734.97080
734.97100
734.97390
734.99870
735.07050
735.23400
735.24570
735.29930
735.34030
735.34270
735.44780
750.00590
750.18020
750.21000
750.22280
750.22740
750.24370
750.25030
750.28920
750.29620
750.30430
750.33550
750.34230
750.34950
750.37300
750.38830
750.41410
750.46990
750.47190
750.49850
750.52790
750.54160
750.54320
750.63930
750.65750
750.65910
750.66840
750.69390
750.76070
750.89610
750.93050
750.99860
751.14120
751.23920
758.02890
765.30790
765.70720
765.75700
765.76660
765.78920
765.82390
765.84570
765.84670
765.84990
765.88550
765.88760
765.93250
765.93750
765.97030
765.98550
765.98950
766.01840
766.05190
766.08140
766.08160
766.10590
766.11090
766.12570
766.12660
766.13090
766.26470
766.30900
766.35250
766.40770
766.47910
766.58680
766.63060
766.67700
767.03630
767.97840
781.18560
781.38860
781.41150
781.41490
781.41870
781.49940
781.50110
781.65220
781.66620
781.74720
781.85620
781.92360
782.27120
782.45210
782.55250
786.83760
797.16610
797.28260
797.31480
797.80850
===== 第 2 轮测试 =====
656.53000
656.74060
657.18600
658.24170
671.64450
672.26700
672.46540
672.73430
687.68910
687.72850
687.74860
687.79530
687.84330
687.93990
687.95260
687.97030
687.97550
687.99400
688.00390
688.07460
688.13480
703.18070
703.32430
703.33680
703.39150
703.40010
703.48370
703.51720
703.52150
703.59460
703.61120
703.64200
703.64770
703.65480
703.68660
703.69950
703.73360
703.77090
703.79770
703.88180
703.90360
704.03970
704.09500
704.13700
704.20380
718.75790
718.77640
718.83010
718.91420
718.99310
719.00360
719.03830
719.05280
719.10540
719.13920
719.21010
719.22490
719.24250
719.26950
719.27930
719.30470
719.31310
719.31470
719.32180
719.33280
719.34980
719.45300
719.46640
719.65050
719.69220
719.74020
719.76470
719.90050
734.12100
734.38750
734.49380
734.54540
734.59100
734.63530
734.64780
734.66730
734.70270
734.70760
734.71270
734.73210
734.78340
734.81490
734.83220
734.83750
734.87950
734.91010
734.91170
734.91580
734.94260
734.96140
734.97750
734.99570
734.99640
735.07120
735.09800
735.10600
735.11680
735.12850
735.14070
735.18290
735.19060
735.28610
735.31880
735.34230
735.42360
749.81380
750.14860
750.18860
750.20620
750.22330
750.22530
750.23000
750.24210
750.29080
750.29230
750.29270
750.30950
750.32220
750.36950
750.37760
750.38290
750.39570
750.40280
750.43830
750.47870
750.48180
750.49540
750.51720
750.55900
750.57540
750.62970
750.70340
750.70410
750.71560
750.71870
750.72090
750.73850
750.77970
750.82930
750.83000
750.96050
751.06690
751.07460
751.59250
765.75980
765.76240
765.77560
765.85460
765.86520
765.87230
765.89510
765.92820
766.00560
766.00590
766.00890
766.02070
766.02550
766.05770
766.05860
766.09630
766.10190
766.10590
766.17200
766.17320
766.27700
766.31110
766.36040
766.46510
766.46960
766.58430
766.67620
781.31260
781.36540
781.38540
781.39120
781.44990
781.49200
781.61560
781.64170
781.69120
781.70220
781.79640
781.81000
781.82770
781.84640
781.85110
782.10130
782.36530
797.44610
812.86200
812.89020
813.03920
813.19180
813.39990
828.70340
===== 第 3 轮测试 =====
640.68570
641.05540
641.42840
656.61670
672.25820
672.45170
672.45220
687.70470
687.75060
687.81220
687.83270
687.86910
687.92540
688.01630
688.04450
688.12760
688.16730
688.21720
703.25930
703.41280
703.45140
703.47140
703.47900
703.52610
703.56380
703.65410
703.71210
703.75090
703.75300
703.83620
718.65970
718.86110
718.90160
718.98710
719.04550
719.05270
719.06390
719.08610
719.10070
719.10980
719.12670
719.14370
719.14930
719.17360
719.26400
719.27850
719.29530
719.30580
719.34740
719.37910
719.54480
719.58680
719.59800
719.61080
719.65030
719.68340
734.51240
734.51370
734.53100
734.57400
734.58950
734.60750
734.66050
734.72790
734.72970
734.74810
734.76730
734.87220
734.88980
734.89130
734.91170
734.92680
734.95400
734.96150
734.99350
735.00950
735.12270
735.21800
735.22030
735.30700
735.42010
735.65150
742.51260
743.64600
749.63370
750.13070
750.15260
750.19690
750.20340
750.21790
750.25030
750.25220
750.29310
750.31950
750.33230
750.34220
750.35530
750.37420
750.38000
750.39060
750.39130
750.39480
750.40630
750.40660
750.44130
750.44760
750.48410
750.48850
750.50780
750.52260
750.52830
750.55830
750.56290
750.57090
750.57540
750.57890
750.57990
750.59270
750.66470
750.71460
750.72800
750.73100
750.76900
750.82490
750.82530
750.84280
750.86520
750.91630
750.91970
751.09950
765.72670
765.74500
765.75280
765.76190
765.77270
765.80540
765.85560
765.86070
765.86290
765.92650
765.92740
765.92920
765.93610
765.97390
765.97810
765.97890
765.98650
766.01360
766.02480
766.06210
766.06260
766.06860
766.06990
766.10130
766.10280
766.11470
766.13770
766.14310
766.15290
766.16320
766.19430
766.22930
766.25880
766.28750
766.29730
766.39840
766.49490
766.59140
766.59760
766.62980
766.67110
766.93800
780.82320
781.09750
781.45860
781.46300
781.55060
781.65610
781.67200
781.68020
781.69770
781.73040
781.80050
781.80120
781.80750
781.88750
781.91080
781.98840
782.00570
782.03230
782.11040
782.23240
782.33270
782.45210
797.05210
797.08490
797.18380
797.26000
797.29040
797.45280
===== 第 4 轮测试 =====
625.66060
641.27980
672.17030
672.43330
672.53420
672.53440
672.79330
672.85800
687.65700
687.80360
687.81160
687.93090
687.95970
688.02910
688.05660
688.07840
688.11520
688.11880
688.40140
688.54030
703.25220
703.30070
703.30840
703.33770
703.37140
703.38620
703.43590
703.47030
703.48640
703.56100
703.56620
703.72590
703.73850
703.74050
703.76340
704.07830
704.09040
704.20370
704.63350
718.87490
718.90130
718.91840
718.93740
718.94780
718.95800
718.96350
718.96740
718.97350
718.97960
718.99170
719.00530
719.01020
719.02140
719.03420
719.06600
719.11260
719.11460
719.24290
719.24720
719.25440
719.28030
719.29370
719.29700
719.30720
719.31100
719.31550
719.34590
719.38550
719.49330
719.61040
719.66430
719.93340
734.51490
734.52940
734.56630
734.56970
734.57380
734.58490
734.59870
734.61020
734.62850
734.63090
734.65360
734.69600
734.73280
734.73360
734.76110
734.80710
734.85410
734.85900
734.87800
734.90570
734.94420
734.96970
735.12190
735.14170
735.15960
735.27380
735.27940
735.28420
735.30790
735.34160
735.42050
750.09590
750.10670
750.16560
750.19430
750.21080
750.23040
750.24590
750.24630
750.26620
750.30130
750.31730
750.36270
750.37840
750.38060
750.38400
750.38940
750.41030
750.41640
750.43430
750.45900
750.46130
750.47910
750.50250
750.50460
750.52910
750.53350
750.54120
750.55140
750.56100
750.56580
750.57470
750.57940
750.58470
750.58740
750.59200
750.60730
750.64300
750.66960
750.74320
750.87760
750.92230
751.09120
751.32610
751.33560
751.52170
751.82440
765.78960
765.83260
765.83490
765.85530
765.87300
765.89600
765.94880
765.96330
765.96660
766.03410
766.04780
766.06660
766.06880
766.07710
766.10310
766.13080
766.17880
766.18830
766.18930
766.22420
766.27380
766.33560
766.33840
766.36680
766.39310
766.44300
766.53830
781.41210
781.45630
781.50660
781.51350
781.53230
781.55350
781.60720
781.61090
781.79320
781.80860
781.81730
781.83450
781.84870
781.90840
782.01350
782.03750
782.05260
782.10690
782.17730
782.22090
797.41940
797.42990
812.58960
812.76500
===== 第 5 轮测试 =====
640.74470
640.86610
656.88450
672.07350
672.13890
672.25470
672.36970
672.94420
687.12820
687.66490
687.72800
687.80440
687.87780
687.91950
688.02910
688.15610
688.19640
688.24140
688.50990
703.20110
703.24240
703.28810
703.30160
703.32750
703.46670
703.66470
703.68120
703.68400
703.70980
703.72280
703.72470
703.72540
703.88520
704.04610
704.11850
718.70400
718.83370
718.85240
718.91930
718.92440
718.93590
718.93850
718.95000
718.95800
719.01670
719.04740
719.06030
719.07290
719.11500
719.14820
719.17810
719.21650
719.22160
719.22530
719.24110
719.27130
719.29420
719.31290
719.34770
719.36210
719.36280
719.36370
719.37200
719.37320
719.37680
719.39480
719.43080
719.44920
719.48320
719.54070
719.62330
719.77140
719.84340
734.46790
734.49530
734.52950
734.55520
734.57370
734.58460
734.60790
734.60880
734.61630
734.66770
734.67320
734.69550
734.73620
734.74010
734.75480
734.76190
734.80110
734.83590
734.89220
734.89570
734.89670
734.90340
734.91540
734.91590
734.92360
734.96930
734.98490
734.98970
735.02680
735.05700
735.10370
735.11260
735.17680
735.20490
735.23850
735.27910
735.34400
749.90520
750.07380
750.13280
750.17380
750.20340
750.23360
750.24040
750.25140
750.31570
750.35480
750.36910
750.37010
750.38730
750.41160
750.41460
750.42670
750.42810
750.43890
750.49470
750.49840
750.50790
750.54240
750.54520
750.57070
750.57470
750.58170
750.58560
750.63350
750.69960
750.77810
750.79750
750.79760
750.83940
750.92890
750.97170
750.97370
751.03810
765.70050
765.75500
765.76100
765.77220
765.89170
765.89490
765.92310
765.96450
765.98490
765.99700
766.00500
766.03780
766.06300
766.14040
766.16000
766.16400
766.21060
766.22260
766.22490
766.26650
766.27930
766.32610
766.33480
766.39230
766.41450
766.44400
766.60510
767.20780
767.26890
781.37990
781.39470
781.50110
781.53250
781.53680
781.56030
781.56530
781.63310
781.68190
781.69350
781.73820
781.75020
781.76310
781.78290
781.78650
781.91140
781.91520
781.98310
782.12600
782.25720
797.09600
797.52820
797.56260
797.56900
===== 第 6 轮测试 =====
656.50120
656.85520
657.02030
657.08400
672.02720
672.11230
672.22280
672.47840
687.78190
687.85530
687.97160
688.02400
688.03040
688.03430
688.05290
688.12240
688.14450
688.14950
688.25250
688.28750
688.42560
688.57830
703.25600
703.26230
703.26940
703.34110
703.34590
703.44400
703.50740
703.52940
703.58550
703.58620
703.60700
703.61890
703.72800
703.75610
703.80390
703.93130
703.94860
703.97060
703.98620
704.07630
704.13510
704.15570
718.86060
718.90720
718.91310
718.93420
718.93460
718.94820
718.97270
718.97490
718.98450
719.01840
719.05780
719.05870
719.07270
719.07840
719.08590
719.09200
719.10130
719.11010
719.11430
719.13250
719.15160
719.17520
719.21940
719.28940
719.34040
719.34790
719.41280
719.54090
719.60240
719.60750
719.64730
719.67260
719.69990
719.71500
719.74500
734.00650
734.44060
734.51500
734.55620
734.60070
734.62470
734.65530
734.67020
734.70790
734.74650
734.74920
734.75710
734.76860
734.84950
734.85170
734.85210
734.86880
734.89100
734.89310
734.89800
734.90940
734.91290
734.91700
734.94890
734.96380
734.99630
735.02250
735.03080
735.06200
735.06270
735.16700
735.18750
735.23950
735.24930
735.30030
735.48690
735.81340
744.65430
749.76570
750.01430
750.08340
750.16090
750.20620
750.22500
750.22640
750.26020
750.27750
750.33880
750.38060
750.39890
750.41360
750.44170
750.46150
750.47370
750.49850
750.50540
750.59590
750.63050
750.63260
750.63600
750.81020
750.81040
750.82850
750.83690
750.86280
750.86470
751.02010
765.79870
765.80850
765.85120
765.86820
765.88640
765.90950
765.92260
765.92300
765.93100
765.98740
766.04710
766.09760
766.12680
766.13150
766.18330
766.19020
766.21390
766.21750
766.23510
766.25710
766.26190
766.28480
766.31450
766.42860
766.63290
766.65700
775.39390
781.23160
781.23920
781.35830
781.40440
781.41830
781.47540
781.54540
781.60390
781.65550
781.65630
781.69330
781.69920
781.74720
781.82130
781.94170
782.07070
782.29620
782.33380
789.71700
797.14690
797.20750
797.23250
797.83710
797.91590
797.93770
813.05080
857.01300
===== 第 7 轮测试 =====
625.32480
656.60780
656.78890
657.23980
672.05720
672.18200
672.22460
672.28580
672.31680
672.31750
672.40450
672.46430
672.78770
687.71120
687.72750
687.77430
687.85880
687.91370
687.91420
688.04280
688.04740
688.06440
688.08800
688.15840
688.16640
688.32910
688.38160
688.41190
688.48910
703.21160
703.25400
703.26590
703.34740
703.43180
703.44700
703.45500
703.50250
703.51480
703.54690
703.54910
703.55760
703.64610
703.70290
703.71360
703.71510
703.74000
703.75760
703.77940
703.81060
703.82450
703.82500
703.88790
703.92960
703.96300
704.11400
704.14050
704.19750
718.79160
718.82060
718.88530
718.90840
719.00010
719.02530
719.03090
719.04820
719.06680
719.08540
719.10170
719.11980
719.13680
719.17280
719.19240
719.21550
719.23990
719.24050
719.26280
719.29350
719.37130
719.44730
719.61910
719.66550
719.67260
719.69640
719.73110
719.74410
719.77420
719.86110
734.19460
734.51800
734.51940
734.58470
734.59110
734.61030
734.61320
734.61570
734.61850
734.62130
734.66720
734.66980
734.70010
734.72310
734.74260
734.76860
734.79200
734.80090
734.80590
734.81870
734.84700
734.88370
734.94980
734.95510
734.96620
734.98130
734.98540
735.11050
735.13180
735.14370
735.15020
735.17960
735.22100
735.22420
735.28900
735.39740
735.45660
735.56070
749.96370
750.09410
750.09540
750.10290
750.16960
750.28420
750.28800
750.33790
750.35360
750.38670
750.42390
750.47620
750.47950
750.52510
750.54110
750.56480
750.61450
750.63940
750.66230
750.73210
750.81120
750.89210
750.89550
751.02100
751.02780
751.04940
751.10860
765.74520
765.78080
765.78610
765.81330
765.82510
765.83080
765.84550
765.88130
765.88670
765.88830
765.91020
765.91740
766.01220
766.09090
766.13310
766.13660
766.15560
766.17690
766.20130
766.22670
766.30730
766.32460
766.40500
766.43420
766.62170
766.63970
766.64810
766.67570
766.77460
781.31620
781.40890
781.41910
781.41950
781.49050
781.50540
781.54880
781.59930
781.64070
781.68520
781.70010
782.04170
782.05530
782.09730
782.16920
782.17270
782.19490
782.23260
797.44850
===== 第 8 轮测试 =====
625.67870
656.58480
672.14650
672.29720
672.44960
672.46570
672.47730
687.81050
687.82150
687.86180
687.94480
688.07820
688.08710
688.12060
688.43400
688.49180
703.20430
703.24120
703.27930
703.31720
703.32560
703.36580
703.37380
703.40910
703.43640
703.43950
703.44580
703.52270
703.56590
703.59080
703.61830
703.64430
703.72700
703.74130
703.74880
703.79740
703.79840
703.83400
718.56230
718.87550
718.89890
718.93110
718.93240
718.94790
718.95010
719.04850
719.08090
719.09350
719.09740
719.17740
719.22850
719.25230
719.26060
719.28610
719.33740
719.33780
719.34970
719.49870
719.51490
719.56900
719.59910
719.65850
719.66230
719.68570
719.97550
734.45660
734.49220
734.52640
734.53570
734.54170
734.59620
734.60730
734.62000
734.64270
734.64910
734.65850
734.67500
734.69090
734.69160
734.73600
734.78050
734.79600
734.82470
734.83180
734.87100
734.88210
734.88380
734.93530
735.00500
735.10620
735.11290
735.12770
735.13010
735.17920
735.19610
735.19710
735.21050
735.21260
735.30520
735.36860
735.38210
750.10250
750.11350
750.12000
750.12530
750.13390
750.15030
750.20290
750.20310
750.22710
750.22770
750.22800
750.26950
750.28340
750.29510
750.29880
750.31930
750.36880
750.39500
750.40430
750.41520
750.46370
750.49110
750.50290
750.53240
750.53990
750.57140
750.58360
750.59890
750.60950
750.61280
750.64040
750.64750
750.66940
750.77180
750.78230
750.81100
750.89040
750.89970
750.90380
750.96300
750.97340
750.97880
750.99570
751.00100
751.02910
765.66090
765.70150
765.70230
765.72900
765.79700
765.81250
765.82230
765.84890
765.88390
765.91540
765.92050
765.94810
766.01020
766.04540
766.08680
766.10040
766.18690
766.25980
766.37340
766.40080
766.56480
766.61500
766.61930
766.65360
766.65590
766.66580
766.78450
766.87470
767.76250
781.38270
781.39200
781.47460
781.51010
781.52680
781.56810
781.59000
781.62240
781.64360
781.67460
781.70380
781.71880
781.73370
781.77950
781.85160
782.20640
782.22170
782.24080
782.25210
797.12510
797.27140
797.45860
797.70120
797.85230
812.90050
===== 第 9 轮测试 =====
656.93980
659.97400
672.17290
672.30290
672.33350
672.59100
687.67410
687.80790
687.88060
687.92640
687.99520
688.05280
688.28190
688.47890
703.28690
703.31840
703.37260
703.38130
703.39450
703.43070
703.46640
703.46790
703.49070
703.51720
703.53450
703.58090
703.58470
703.65580
703.66810
703.84150
704.00270
704.05660
704.08150
704.17770
718.84690
718.86380
718.89250
718.91840
718.91850
718.93460
718.94330
718.94640
718.95480
718.98630
718.99660
718.99730
719.02220
719.03750
719.05000
719.06940
719.07670
719.08800
719.15500
719.16680
719.20030
719.20900
719.23980
719.27100
719.28320
719.30380
719.30950
719.31180
719.32770
719.34210
719.37300
719.37610
719.38670
719.42510
719.51020
719.52480
719.54920
719.55940
719.75500
719.77890
734.47280
734.52320
734.63640
734.66540
734.69080
734.70360
734.71330
734.77250
734.80630
734.81840
734.87020
734.89160
734.90840
734.91040
734.91110
734.91430
734.91590
734.94560
734.96540
734.97510
734.97860
735.00610
735.07780
735.17220
735.19510
735.27360
735.31960
735.33260
735.40620
735.68960
750.07440
750.09640
750.11190
750.11670
750.12710
750.18120
750.18750
750.19430
750.19540
750.23200
750.24080
750.24970
750.28090
750.29810
750.30270
750.30670
750.32050
750.32310
750.32790
750.33800
750.34300
750.40120
750.40370
750.41770
750.42360
750.43130
750.43670
750.44320
750.44370
750.49940
750.50040
750.53210
750.58270
750.58410
750.65020
750.70590
750.71740
750.74460
750.80950
750.82690
750.86070
750.89150
750.91540
750.96420
751.04700
751.05010
751.28140
765.54440
765.68720
765.73440
765.81210
765.81700
765.82480
765.85300
765.91290
765.92150
765.92290
765.98710
766.06080
766.11510
766.20940
766.22700
766.23870
766.32550
766.51290
766.85830
766.99420
781.32150
781.37360
781.43100
781.47790
781.47980
781.50130
781.50370
781.52790
781.57580
781.63840
781.68440
781.74630
781.76590
781.77470
781.91800
781.91810
781.92010
781.95200
781.95790
782.01840
796.88670
797.04100
797.11580
797.12390
797.13020
797.13910
797.33540
797.35160
812.92610
===== 第 10 轮测试 =====
641.05610
656.46020
656.82760
656.95520
672.02330
672.19950
672.39970
672.42190
672.47380
672.57680
672.69360
687.23780
687.66730
687.75270
687.78150
687.97860
688.08330
688.18250
688.36770
688.47740
688.56560
703.35330
703.56390
703.63340
703.66560
703.72450
703.75490
704.05420
704.08260
704.15970
704.18820
718.87730
718.91350
718.91610
718.92000
718.92250
718.98900
719.00300
719.04740
719.05020
719.07800
719.08400
719.08670
719.10410
719.12320
719.13100
719.14770
719.15280
719.16440
719.17750
719.19020
719.22070
719.22690
719.27530
719.28280
719.28830
719.31490
719.32010
719.33820
719.34590
719.35470
719.35560
719.36950
719.37730
719.40470
719.44130
719.52510
719.54160
719.56100
719.84240
719.88390
734.44040
734.46760
734.49040
734.57850
734.60810
734.64530
734.64850
734.68070
734.69660
734.70650
734.73690
734.78810
734.79490
734.84990
734.87470
734.90700
734.91110
734.91440
734.92960
734.93690
734.94480
734.94950
734.95990
734.96260
734.99180
735.01990
735.05570
735.09670
735.17620
735.23940
735.28770
735.31760
735.37010
735.39410
735.40590
735.43120
749.69140
750.10770
750.12500
750.12920
750.14070
750.14480
750.16050
750.18010
750.18170
750.19720
750.22550
750.25540
750.29850
750.32660
750.34440
750.38520
750.40570
750.41030
750.42910
750.44980
750.48890
750.52700
750.56050
750.56450
750.56840
750.58730
750.64390
750.65840
750.68560
750.76020
750.77910
750.83080
750.83790
750.86160
750.90770
750.98080
751.04060
751.05130
751.06130
751.11920
765.75820
765.77140
765.82700
765.86660
765.88630
765.88900
765.89390
765.97120
766.04930
766.06150
766.09310
766.09760
766.11610
766.14710
766.15170
766.16220
766.18290
766.21150
766.22390
766.24970
766.26640
766.31050
766.33400
766.59030
781.20720
781.42130
781.45610
781.51090
781.51950
781.52320
781.62060
781.71530
781.72880
781.76760
781.79560
781.79790
781.84160
782.17600
782.18340
782.21100
782.28060
782.35010
796.72850
797.07520
797.21880
797.28100
797.28390
797.35260
797.56190
797.56530
797.90940
800.22780
813.38590
