===== 第 1 轮测试 =====
31.32150
31.32800
31.54620
31.66950
31.68140
31.75160
31.75780
31.77470
31.78360
40.62490
41.38000
41.53720
42.44680
42.64520
45.45370
46.10890
46.59440
46.76330
46.84200
46.92020
46.92530
46.92660
46.92700
46.93570
46.93730
46.93780
46.94410
46.94560
46.94730
46.95070
46.95070
46.96030
46.97210
46.97260
46.97420
46.98300
46.98450
46.98680
46.98710
46.98710
46.99350
46.99810
46.99830
46.99900
47.00540
47.01370
47.02040
47.02160
47.03670
47.04460
47.04550
47.04960
47.06960
47.07040
47.07370
47.07420
47.07560
47.07610
47.07750
47.08430
47.08510
47.08880
47.09870
47.09930
47.10130
47.10320
47.10420
47.10530
47.10680
47.10800
47.11400
47.12130
47.12320
47.12370
47.13640
47.14390
47.14510
47.14610
47.14610
47.15210
47.15760
47.15780
47.16440
47.16840
47.17450
47.17580
47.18030
47.18790
47.20270
47.20660
47.21160
47.21560
47.21780
47.22100
47.22680
47.22790
47.22890
47.23110
47.23130
47.23800
47.24340
47.24470
47.25470
47.25740
47.25890
47.26650
47.26740
47.27370
47.27390
47.27610
47.27810
47.27830
47.29080
47.29200
47.29210
47.29340
47.29840
47.30240
47.30320
47.30840
47.30870
47.31200
47.31420
47.31460
47.31570
47.31670
47.31770
47.31920
47.32600
47.32710
47.33780
47.34520
47.34690
47.34710
47.35080
47.35360
47.35630
47.36340
47.37350
47.37430
47.37490
47.37520
47.37770
47.37870
47.38860
47.38980
47.39280
47.40750
47.42620
47.42930
47.43020
47.43400
47.63420
47.64530
51.38790
52.92370
54.51580
56.74590
60.08860
62.16340
62.44790
62.50130
62.50200
62.52520
62.52740
62.54230
62.55320
62.56800
62.62120
62.63180
62.63270
62.63500
62.64970
62.66120
62.67800
62.69130
62.70460
62.73370
62.74160
62.75530
62.75890
62.78340
62.78410
62.79480
62.80320
62.80690
62.80800
62.81520
62.81550
62.81640
62.85200
62.88180
62.91310
62.95810
62.96010
62.96950
63.01030
63.01420
63.03010
63.06580
===== 第 2 轮测试 =====
31.34800
31.35830
31.42160
31.45490
31.45520
31.45700
31.46520
31.47410
31.53270
31.61680
31.63600
31.65840
31.67250
31.75670
31.75770
31.76640
31.82550
32.85840
34.84720
39.90930
41.86980
42.54910
44.26380
46.44040
46.65110
46.66080
46.71840
46.91410
46.91520
46.92230
46.92500
46.93090
46.93510
46.94290
46.95320
46.95370
46.96470
46.96550
46.96720
46.96940
46.97900
46.98000
46.99070
46.99180
46.99210
46.99480
46.99620
46.99640
46.99930
47.00390
47.01390
47.02820
47.03100
47.03660
47.03660
47.04000
47.04100
47.04160
47.04230
47.04410
47.04480
47.04900
47.05760
47.06820
47.06990
47.07840
47.08240
47.08930
47.09090
47.09810
47.09920
47.10400
47.10460
47.10810
47.12750
47.13060
47.13270
47.13300
47.13400
47.14550
47.16080
47.16530
47.16660
47.16830
47.16900
47.17960
47.19090
47.19490
47.20220
47.20320
47.20380
47.21590
47.21830
47.21940
47.21980
47.22740
47.22800
47.22810
47.23180
47.23200
47.23600
47.23650
47.24040
47.24510
47.24740
47.24850
47.25650
47.26570
47.26710
47.26990
47.27110
47.27190
47.27750
47.28100
47.28120
47.28710
47.29770
47.31780
47.32310
47.32710
47.32760
47.32830
47.32950
47.33090
47.33170
47.33710
47.33830
47.34190
47.34650
47.35560
47.35990
47.36080
47.37380
47.37610
47.37940
47.37970
47.38430
47.38560
47.38610
47.39490
47.39730
47.42010
47.42160
47.43220
47.54820
47.55840
47.80390
50.57610
54.61310
54.78490
57.28160
57.85770
58.04110
59.33070
62.30070
62.33830
62.49820
62.49930
62.55310
62.55490
62.55850
62.60120
62.60730
62.60810
62.61200
62.61490
62.64140
62.67770
62.68070
62.68560
62.69630
62.71920
62.72140
62.74900
62.76180
62.76470
62.76730
62.77040
62.77750
62.78860
62.79210
62.79810
62.81730
62.82530
62.82870
62.84710
62.85960
62.86890
62.89630
62.90540
62.90670
62.91860
62.94300
62.95390
62.95750
62.96180
62.97510
62.97660
62.97690
63.07960
===== 第 3 轮测试 =====
27.24910
31.32400
31.37510
31.37690
31.38950
31.39980
31.40450
31.43050
31.44800
31.65040
31.72510
31.72650
31.73340
31.75850
31.78220
31.80070
32.35040
34.34510
40.10810
40.20260
41.84470
42.46100
42.47890
42.49060
42.92760
46.90620
46.91310
46.91370
46.91600
46.93670
46.95130
46.95330
46.96280
46.96780
46.97190
46.98340
46.98920
46.99000
46.99160
46.99520
46.99680
47.00370
47.02090
47.02480
47.02700
47.02840
47.02890
47.03190
47.04130
47.04910
47.05950
47.07160
47.08330
47.08370
47.08530
47.08700
47.08810
47.08930
47.10780
47.11630
47.12690
47.14420
47.14570
47.15060
47.15270
47.15540
47.16100
47.16220
47.16410
47.16570
47.16930
47.17060
47.17400
47.18160
47.18350
47.18820
47.19520
47.20150
47.20240
47.20830
47.21440
47.21570
47.21730
47.21750
47.21990
47.22070
47.22450
47.25440
47.25520
47.25890
47.25900
47.26140
47.27050
47.27190
47.27260
47.27530
47.27600
47.28220
47.28220
47.28490
47.28490
47.28610
47.28710
47.28820
47.28860
47.28940
47.29430
47.29530
47.29720
47.30680
47.30920
47.31080
47.31370
47.31440
47.31700
47.31780
47.32540
47.33030
47.33330
47.33560
47.33660
47.35350
47.35740
47.36270
47.36470
47.37030
47.38100
47.38110
47.38330
47.38720
47.38940
47.39310
47.39400
47.39480
47.39870
47.40170
47.40250
47.40370
47.40480
47.40660
47.40920
47.41810
47.41920
47.42770
47.43450
47.43620
47.47700
47.51900
47.53780
47.60620
47.82790
57.30980
61.11910
62.10840
62.29070
62.36890
62.49890
62.53700
62.54770
62.58500
62.58700
62.59390
62.60010
62.60260
62.60400
62.60750
62.63440
62.64750
62.65380
62.67700
62.71990
62.72540
62.73960
62.74740
62.76060
62.78130
62.78280
62.79650
62.80810
62.81180
62.86890
62.87190
62.87340
62.87900
62.88160
62.89070
62.89650
62.92030
62.92860
62.94220
62.94580
62.94770
62.96740
62.96930
62.97320
62.98110
62.98520
63.00790
63.00970
63.08210
===== 第 4 轮测试 =====
31.50450
31.51840
31.70530
31.73720
31.78270
31.81450
31.82370
31.88590
42.66200
43.31940
46.12130
46.74770
46.92120
46.92560
46.92980
46.94320
46.94400
46.94990
46.95360
46.95820
46.95900
46.96300
46.96670
46.96680
46.96810
46.97670
46.97970
46.97970
46.98040
46.98390
46.98600
46.99950
47.00090
47.00170
47.00370
47.00600
47.00670
47.00940
47.00950
47.00950
47.02060
47.02090
47.02750
47.02950
47.03800
47.05800
47.05800
47.05970
47.06030
47.06370
47.06890
47.06940
47.06970
47.07030
47.07370
47.09240
47.09560
47.09670
47.09800
47.10150
47.10930
47.10970
47.11170
47.11230
47.11290
47.11450
47.11590
47.11640
47.12070
47.12280
47.12370
47.12460
47.13490
47.13510
47.14490
47.14510
47.14650
47.14910
47.15040
47.15840
47.17850
47.18590
47.19240
47.19430
47.19660
47.19890
47.20640
47.21970
47.21980
47.22350
47.22540
47.22590
47.23090
47.23700
47.24660
47.24810
47.26010
47.26770
47.27150
47.27280
47.27540
47.28400
47.28460
47.29060
47.30350
47.31150
47.31410
47.31550
47.31630
47.32010
47.33580
47.33760
47.33910
47.33970
47.34360
47.35200
47.35560
47.35790
47.35910
47.36920
47.37140
47.37190
47.37320
47.37330
47.37570
47.37650
47.38220
47.38520
47.38630
47.38660
47.38910
47.38910
47.39030
47.39190
47.39380
47.39480
47.40320
47.40610
47.41320
47.41640
47.45840
47.47730
47.70160
47.98840
48.52810
49.39380
53.95640
53.97950
54.57150
54.96430
55.21410
55.82850
56.22410
61.84910
62.17460
62.55300
62.56320
62.56690
62.56690
62.58680
62.59360
62.60020
62.60530
62.61230
62.61840
62.64240
62.64420
62.65030
62.65350
62.66640
62.68310
62.69700
62.72470
62.72840
62.75130
62.77120
62.78190
62.80170
62.83190
62.83710
62.83800
62.84030
62.87000
62.87060
62.87690
62.88040
62.91350
62.91490
62.91780
62.91950
62.92280
62.93330
62.94960
62.95910
62.98080
62.99050
63.01000
63.01550
63.03880
63.28510
===== 第 5 轮测试 =====
29.21970
31.05580
31.38140
31.40900
31.43020
31.47350
31.55280
31.60350
31.60510
31.70120
31.73300
35.33710
43.79570
45.37310
45.52930
46.27560
46.40220
46.53980
46.70090
46.87660
46.91940
46.93190
46.93410
46.95550
46.95880
46.96650
46.97750
46.98740
46.99020
46.99040
46.99040
46.99090
46.99220
47.00390
47.01060
47.01230
47.01270
47.01400
47.01770
47.02420
47.02550
47.02840
47.04270
47.04490
47.04610
47.04790
47.05420
47.05820
47.06430
47.06670
47.07310
47.07380
47.08580
47.08900
47.09200
47.09240
47.09390
47.09690
47.10140
47.10380
47.10440
47.10590
47.10760
47.10970
47.11410
47.11570
47.11610
47.13100
47.13200
47.13860
47.14200
47.14820
47.14960
47.15050
47.15440
47.15500
47.15600
47.15690
47.15850
47.16190
47.16390
47.16430
47.16520
47.16640
47.17390
47.17930
47.18550
47.18730
47.18760
47.19010
47.19300
47.19590
47.19620
47.20860
47.21120
47.21370
47.21670
47.21850
47.22160
47.22330
47.22960
47.23170
47.24310
47.24330
47.24460
47.24880
47.25010
47.26380
47.26480
47.27120
47.27140
47.27830
47.28240
47.28570
47.28600
47.28800
47.29150
47.29320
47.30270
47.30510
47.30560
47.31280
47.31500
47.32150
47.33270
47.33440
47.33950
47.34280
47.34480
47.34780
47.35310
47.35870
47.36540
47.36990
47.37110
47.39570
47.40070
47.40170
47.40670
47.40810
47.41000
47.41100
47.42050
47.43370
47.44040
47.44330
47.45370
47.48120
47.51820
47.60090
47.64760
47.68700
47.71690
47.76090
55.49880
55.54460
58.08220
62.50610
62.52160
62.55250
62.56550
62.56780
62.56780
62.59200
62.59580
62.64680
62.64870
62.68090
62.68460
62.68740
62.68920
62.69690
62.70700
62.71470
62.71510
62.75550
62.75990
62.76610
62.77660
62.77780
62.77940
62.78050
62.79060
62.82080
62.85280
62.86050
62.86670
62.87040
62.88050
62.88150
62.88500
62.88700
62.89430
62.90910
62.96850
62.98690
62.98930
63.00280
63.05190
63.05490
===== 第 6 轮测试 =====
31.27800
31.28400
31.34070
31.34140
31.34250
31.39160
31.40410
31.42550
31.51800
31.55620
31.62520
31.63810
31.65990
31.76590
31.84490
31.88650
40.05770
46.00890
46.39000
46.57070
46.72520
46.74170
46.83570
46.85210
46.90950
46.91230
46.91900
46.92890
46.93930
46.94010
46.94220
46.94350
46.94520
46.94810
46.95770
46.96240
46.97070
46.97560
46.97680
46.97740
46.97980
46.98610
46.98920
46.99240
46.99340
46.99370
46.99620
47.00120
47.00180
47.00400
47.00840
47.01110
47.01190
47.01250
47.01490
47.01520
47.02140
47.02380
47.02980
47.03560
47.03590
47.04000
47.04240
47.04280
47.04310
47.05060
47.05390
47.05840
47.05850
47.05920
47.06030
47.06040
47.06340
47.06670
47.06890
47.06990
47.08560
47.09830
47.10790
47.10810
47.11340
47.12060
47.12510
47.12740
47.12880
47.13420
47.13780
47.13960
47.14210
47.14630
47.14870
47.15400
47.15520
47.15630
47.15680
47.16600
47.16850
47.16890
47.17430
47.18680
47.18880
47.19010
47.19590
47.20130
47.20220
47.20320
47.21370
47.21800
47.22250
47.22270
47.22360
47.22590
47.23480
47.24030
47.24150
47.24160
47.24300
47.24740
47.24830
47.25010
47.27580
47.29120
47.30360
47.31740
47.31860
47.32530
47.34200
47.34550
47.35080
47.35320
47.35400
47.35880
47.36190
47.36610
47.37220
47.39640
47.39810
47.40570
47.42260
47.42420
47.43270
47.43660
47.46320
47.46770
47.63260
49.29890
54.54840
55.23140
55.27740
61.92680
62.24150
62.44120
62.52910
62.52960
62.54190
62.55940
62.56860
62.59220
62.60460
62.61910
62.62160
62.62870
62.64160
62.66440
62.67120
62.67830
62.69250
62.71270
62.73390
62.75290
62.75520
62.75880
62.76800
62.77740
62.79110
62.80440
62.80740
62.81180
62.82480
62.82800
62.82850
62.83740
62.84460
62.86230
62.86370
62.88030
62.88550
62.90360
62.90570
62.93710
62.93850
62.94480
62.96290
62.99690
62.99890
63.01510
63.01530
63.04330
63.07460
63.31060
===== 第 7 轮测试 =====
31.52600
31.58520
31.59110
31.62720
31.65260
31.68100
31.69900
31.70440
31.73010
31.76180
31.76340
38.44040
38.81810
42.88710
43.42130
45.30380
46.49220
46.67590
46.89760
46.91920
46.92370
46.93060
46.93120
46.94140
46.94620
46.95140
46.95780
46.96120
46.97510
46.97630
46.97910
46.98150
46.98460
46.98480
46.98940
46.99530
46.99970
47.00190
47.00190
47.00270
47.00400
47.00930
47.01540
47.01890
47.02430
47.02980
47.03350
47.04160
47.05520
47.05530
47.05600
47.06090
47.06180
47.06350
47.06960
47.07470
47.07500
47.07570
47.07620
47.07860
47.07970
47.08090
47.08280
47.08500
47.09640
47.09670
47.09850
47.10270
47.10570
47.10760
47.13030
47.13630
47.13920
47.14050
47.14530
47.14790
47.15350
47.16740
47.17000
47.17140
47.17170
47.17200
47.17320
47.17490
47.17830
47.18690
47.19050
47.19300
47.19310
47.19540
47.22600
47.22920
47.23180
47.23230
47.24160
47.24320
47.24330
47.24680
47.24910
47.25060
47.25380
47.25460
47.25920
47.26030
47.26060
47.26280
47.26420
47.26630
47.26780
47.27020
47.27140
47.27500
47.27720
47.27960
47.28570
47.29060
47.29280
47.29680
47.29900
47.30010
47.30090
47.30750
47.31090
47.31410
47.31800
47.32150
47.32260
47.32490
47.33480
47.33670
47.34280
47.34440
47.34510
47.34840
47.35050
47.35330
47.36120
47.36520
47.37280
47.37850
47.37930
47.38200
47.40510
47.40710
47.43030
47.43080
47.43100
47.43290
47.43540
47.43940
47.44200
47.44350
47.48230
47.59500
47.67940
47.78860
54.68790
58.25810
61.12560
62.14360
62.25010
62.36750
62.48480
62.49510
62.52630
62.53970
62.61670
62.64460
62.66480
62.66520
62.67240
62.67990
62.70820
62.72750
62.74430
62.74700
62.75190
62.76170
62.76690
62.76860
62.78440
62.78440
62.80900
62.81590
62.82930
62.84280
62.84900
62.85180
62.85630
62.86500
62.87810
62.88060
62.89400
62.94020
62.94790
62.95550
62.98030
62.98860
63.00090
63.00590
===== 第 8 轮测试 =====
28.24240
31.38240
31.41470
31.51440
31.54160
31.68940
31.78790
31.80070
39.31560
40.11040
40.19870
41.52320
45.07530
46.52460
46.62510
46.63590
46.63900
46.67860
46.70570
46.90970
46.91700
46.94560
46.94860
46.95940
46.95950
46.96470
46.96560
46.97310
46.97520
46.97560
46.97560
46.97940
46.98550
46.98590
46.98680
46.99010
46.99080
46.99100
46.99120
46.99760
46.99840
46.99900
47.00100
47.00460
47.00860
47.01860
47.01990
47.02790
47.03000
47.03690
47.03750
47.04020
47.04160
47.04900
47.05640
47.06340
47.06660
47.06870
47.06880
47.07440
47.07710
47.08180
47.08320
47.08450
47.09400
47.10010
47.10530
47.10600
47.11040
47.11260
47.11300
47.11440
47.11540
47.11980
47.12070
47.13100
47.13660
47.13850
47.14040
47.14250
47.14870
47.15040
47.15410
47.15560
47.15710
47.15760
47.16170
47.17280
47.17560
47.17710
47.18020
47.18130
47.18350
47.18440
47.18790
47.19830
47.20480
47.21770
47.21990
47.22180
47.23120
47.23290
47.24460
47.24960
47.25130
47.25340
47.25560
47.26190
47.26210
47.26270
47.26530
47.26780
47.27020
47.28740
47.28950
47.29340
47.29680
47.29940
47.30170
47.30280
47.31980
47.32050
47.32300
47.32560
47.32900
47.33590
47.34450
47.34530
47.34570
47.35230
47.36170
47.36200
47.36230
47.36270
47.36900
47.37120
47.37570
47.37790
47.37830
47.37960
47.38770
47.38820
47.38930
47.40460
47.40800
47.41620
47.43050
47.44740
47.49060
47.49680
47.56480
47.58130
47.91430
54.21910
55.67070
56.50270
56.68110
58.13530
62.07640
62.16200
62.36920
62.44360
62.52020
62.55660
62.57140
62.58880
62.60350
62.64050
62.65300
62.67430
62.69700
62.71190
62.72810
62.73560
62.74300
62.74700
62.74860
62.75320
62.76700
62.78470
62.82310
62.84510
62.84900
62.87170
62.87170
62.90510
62.90590
62.90820
62.91480
62.92650
62.92980
62.93590
62.94260
62.95290
62.95540
62.99370
62.99870
63.00810
63.00870
63.01320
===== 第 9 轮测试 =====
29.71940
31.22530
31.31340
31.36260
31.38250
31.38500
31.41230
31.42430
31.45000
31.47720
31.58470
31.64020
31.68500
31.74030
31.78180
32.31300
33.33040
38.92500
41.18350
42.15980
42.30340
43.75500
46.54380
46.61820
46.66780
46.85030
46.91030
46.91840
46.92660
46.93490
46.93670
46.94050
46.94970
46.95250
46.95700
46.95840
46.96060
46.96090
46.96200
46.97960
46.97970
46.98290
46.99500
47.00090
47.00350
47.00430
47.01230
47.01340
47.01380
47.01500
47.01520
47.02010
47.02090
47.02620
47.02680
47.02680
47.02800
47.04320
47.05000
47.05610
47.05650
47.05950
47.07250
47.07380
47.07870
47.08030
47.08400
47.08550
47.08660
47.08870
47.09410
47.09480
47.10200
47.10270
47.10990
47.11890
47.12280
47.12550
47.12620
47.12850
47.13080
47.13230
47.14150
47.14880
47.15500
47.15580
47.15950
47.15980
47.16240
47.16800
47.17490
47.18000
47.18010
47.18390
47.19200
47.19270
47.19870
47.19910
47.19940
47.20220
47.21840
47.22340
47.22470
47.22590
47.22900
47.23540
47.23590
47.23880
47.24380
47.24600
47.24760
47.26620
47.26630
47.27350
47.27530
47.28210
47.28410
47.28510
47.28590
47.28980
47.29010
47.29190
47.29400
47.30030
47.30950
47.31420
47.31880
47.32440
47.32860
47.33310
47.33530
47.35530
47.35690
47.36730
47.36870
47.37130
47.37300
47.37650
47.37960
47.38220
47.38270
47.39110
47.39240
47.39610
47.40080
47.40150
47.40440
47.40890
47.41390
47.41600
47.42370
47.43310
47.48220
47.49820
47.57620
47.87660
52.78500
53.99040
55.75580
59.82020
62.30800
62.49720
62.50020
62.53310
62.55920
62.59460
62.59560
62.60440
62.61880
62.64020
62.64720
62.65550
62.65640
62.66600
62.66810
62.67630
62.68310
62.72100
62.77180
62.77310
62.77850
62.79660
62.79870
62.80680
62.81310
62.84190
62.85110
62.85820
62.86420
62.88050
62.93630
62.93980
62.97130
62.98670
62.99670
63.00070
63.03020
63.04130
63.37230
63.43920
===== 第 10 轮测试 =====
31.39670
31.46080
31.53560
31.56170
31.56450
31.69620
31.71480
31.72000
31.74220
31.77990
33.84930
40.39560
42.04830
42.79860
42.97990
45.85710
46.41780
46.87570
46.89530
46.93280
46.93800
46.94420
46.95280
46.95490
46.96630
46.97120
46.97480
46.97610
46.97940
46.98050
46.98800
46.98880
46.98880
46.99520
46.99670
46.99810
46.99880
47.00470
47.00660
47.01520
47.02020
47.02610
47.02680
47.03450
47.03670
47.03760
47.04400
47.04400
47.04410
47.04560
47.04590
47.04750
47.04980
47.05040
47.05470
47.05710
47.06020
47.06490
47.06570
47.06650
47.06760
47.06800
47.07030
47.07290
47.08480
47.10100
47.10150
47.11850
47.11960
47.12200
47.12620
47.12810
47.12830
47.13080
47.13540
47.13730
47.13970
47.14510
47.14560
47.14570
47.15410
47.15430
47.15850
47.15900
47.15900
47.15950
47.16510
47.16530
47.17300
47.19340
47.19710
47.20410
47.20690
47.20710
47.21520
47.21650
47.22740
47.23370
47.23540
47.23660
47.24100
47.24110
47.24510
47.25210
47.25630
47.25950
47.27080
47.27130
47.28320
47.29030
47.29070
47.29130
47.29130
47.29290
47.29440
47.29510
47.29670
47.29830
47.29850
47.30560
47.31380
47.31810
47.32100
47.33030
47.33420
47.33470
47.34090
47.34220
47.34240
47.37090
47.37220
47.37460
47.38210
47.38870
47.39030
47.39320
47.39880
47.40520
47.40920
47.41940
47.42550
47.43120
47.47620
47.47770
47.52090
47.77930
51.26520
53.56820
54.25990
55.10630
55.93350
57.87100
59.15770
62.05880
62.23940
62.47620
62.49460
62.49830
62.52850
62.56450
62.57650
62.59930
62.62160
62.62770
62.65950
62.66170
62.66530
62.66930
62.67720
62.68800
62.71710
62.75270
62.76340
62.77050
62.77410
62.77970
62.78080
62.78210
62.78410
62.79110
62.79220
62.79590
62.81990
62.82750
62.85740
62.87690
62.88450
62.89730
62.90180
62.91150
62.91370
62.92750
62.94700
62.94810
62.95700
62.95860
62.98510
63.00200
63.03060
63.18800
