===== Round 1 =====
511.207
259.641
347.764
294.755
385.426
374.758
300.956
512.104
587.347
359.968
297.194
297.286
272.766
355.112
287.340
580.098
284.987
363.213
391.360
157.831
246.457
130.646
426.653
359.939
333.693
453.898
298.722
390.869
327.787
700.191
270.905
298.299
372.437
386.884
279.026
283.863
266.693
266.474
176.328
373.279
612.264
156.844
264.971
415.721
282.228
642.815
437.246
437.499
356.555
307.951
380.469
333.473
545.754
568.941
226.443
462.748
371.462
290.431
466.633
381.096
619.699
522.393
347.793
361.027
645.785
392.469
380.417
533.379
507.208
344.886
528.752
369.182
353.832
380.939
448.658
456.812
357.701
302.620
365.853
283.888
361.036
291.311
371.175
350.777
282.500
289.888
504.620
710.700
772.218
355.485
296.777
389.409
706.425
346.440
577.947
283.114
266.919
243.947
269.686
279.316
298.095
356.509
361.815
371.409
428.858
785.125
240.182
386.088
295.448
618.918
295.225
365.548
616.979
401.826
365.582
226.957
280.950
282.805
541.327
281.318
407.238
279.924
296.574
468.946
331.728
357.128
345.496
268.994
298.445
375.911
299.970
377.592
332.523
283.523
283.361
357.630
268.911
345.023
284.008
377.042
277.185
291.994
388.349
382.537
269.007
386.025
439.945
322.138
386.143
283.851
267.513
268.203
296.419
576.218
679.744
293.858
257.934
256.746
256.878
272.777
289.633
273.929
406.623
559.066
939.515
267.863
356.986
284.561
347.891
299.219
440.333
368.168
520.318
613.418
282.946
351.711
283.163
372.619
438.572
289.743
329.430
280.715
283.540
399.289
368.914
230.026
289.561
502.649
275.621
285.794
559.156
284.969
268.281
369.110
360.117
378.382
167.686
698.748
229.160
450.262
===== Round 2 =====
320.211
266.984
248.875
294.813
284.468
535.514
340.248
297.497
258.169
312.119
604.536
313.535
401.797
705.940
269.773
369.366
299.050
292.111
376.017
286.102
251.812
404.375
484.649
350.344
281.552
284.025
455.377
333.376
290.652
601.220
271.678
429.873
427.244
397.795
388.492
284.805
360.428
358.012
292.577
339.892
556.082
744.809
366.997
548.709
475.727
295.269
389.555
298.525
164.851
352.104
277.513
400.483
345.597
379.626
296.984
289.680
373.212
283.093
298.797
383.274
277.337
256.403
318.992
282.725
322.558
270.113
408.009
388.994
432.473
476.976
527.028
280.870
270.925
257.557
802.237
263.135
661.958
642.381
379.634
405.992
879.340
436.041
493.946
337.666
281.249
360.876
296.663
387.503
307.720
359.593
360.264
695.587
532.249
285.167
282.061
391.724
471.827
374.665
377.690
271.148
249.005
289.869
549.146
282.382
313.858
341.736
274.821
298.141
395.852
282.953
998.934
383.191
379.381
142.540
240.313
266.216
384.582
268.467
456.964
568.177
330.574
289.972
372.969
356.980
369.134
248.329
739.836
302.344
310.070
298.756
340.884
300.966
241.654
156.288
432.188
384.015
356.465
319.763
283.618
255.226
146.380
337.506
565.705
448.991
376.492
260.602
359.048
282.276
733.557
555.997
351.479
603.406
348.873
545.485
281.510
282.109
255.665
504.480
645.581
378.245
282.062
261.416
338.016
274.509
377.717
637.508
412.554
269.442
285.492
375.889
243.736
545.866
267.173
281.836
344.494
306.732
583.620
281.118
328.318
443.066
564.938
286.665
241.487
164.384
274.765
363.674
388.260
305.676
389.144
399.563
417.659
272.917
367.773
207.672
208.628
557.763
286.375
174.699
376.519
391.358
===== Round 3 =====
351.797
360.767
359.804
479.768
388.196
286.405
407.144
432.275
378.644
393.172
595.338
350.762
281.980
287.923
815.420
889.667
288.484
379.246
284.819
289.746
464.267
541.704
663.228
152.384
255.237
259.906
269.900
383.782
567.116
427.327
449.067
259.678
398.331
516.051
383.402
260.170
161.145
514.836
306.710
293.132
602.297
366.749
298.339
366.553
394.177
738.095
376.984
279.608
405.539
174.420
279.137
231.933
520.394
534.207
412.769
245.156
347.050
527.004
495.712
286.800
324.884
388.152
294.035
299.082
619.818
361.927
541.822
586.557
671.734
495.692
710.488
337.092
362.749
542.048
292.378
253.128
484.148
276.837
382.630
327.218
389.703
303.512
280.611
735.630
283.217
372.551
298.134
373.539
484.589
322.182
407.227
283.666
378.808
523.819
354.023
430.381
610.607
831.976
253.357
373.833
508.420
382.441
296.711
273.833
720.669
261.402
429.758
368.576
177.418
276.183
699.986
296.595
418.137
273.470
380.369
800.778
288.537
363.754
278.284
653.824
289.989
272.173
326.800
402.453
370.684
254.312
284.347
388.518
307.794
404.068
454.152
435.041
294.921
452.971
391.238
939.964
740.847
611.028
289.528
440.515
250.988
357.679
401.461
380.692
346.200
275.333
283.398
280.691
520.058
365.208
279.967
280.440
358.092
250.405
374.627
282.641
286.430
380.522
393.040
279.350
324.915
403.531
282.812
264.580
165.976
274.816
419.780
271.635
547.817
586.940
322.112
520.721
317.086
280.421
397.049
992.761
500.739
572.420
368.882
646.586
233.058
337.679
360.149
298.546
386.725
276.549
286.232
358.095
372.445
480.673
550.543
411.811
285.002
366.901
393.029
294.330
282.052
560.676
317.725
412.698
===== Round 4 =====
297.231
390.366
388.648
381.229
280.728
365.011
340.372
265.777
549.964
265.652
394.760
282.848
421.290
281.360
493.920
428.785
248.229
267.805
268.577
287.532
590.081
318.277
480.511
296.812
665.767
516.127
297.151
298.950
353.284
270.005
353.665
320.421
276.902
385.173
457.007
285.123
465.870
345.148
371.255
719.286
368.482
280.688
376.176
384.422
281.957
299.196
359.063
298.124
292.069
275.827
285.843
466.321
367.253
764.059
343.969
268.684
358.938
446.627
334.538
597.096
391.127
287.262
316.808
266.423
359.365
494.114
909.658
451.400
284.977
239.766
250.720
385.650
261.242
177.335
264.745
257.627
302.558
299.157
622.193
302.819
374.358
298.467
297.811
377.435
298.284
284.745
438.476
850.054
297.458
350.192
358.446
814.511
269.714
376.741
280.506
391.403
352.953
497.386
282.371
261.396
327.547
282.742
515.983
387.755
389.060
374.071
240.093
585.334
224.231
448.688
329.258
381.332
291.299
1090.032
446.083
354.831
289.684
346.861
294.684
284.735
821.949
267.064
443.174
303.359
208.896
606.912
295.675
485.923
441.271
361.869
499.851
281.786
981.937
170.576
359.481
188.782
530.965
335.167
448.692
289.864
418.172
289.972
302.040
590.330
398.806
614.794
428.430
283.364
555.831
297.114
545.694
255.541
588.148
463.577
244.057
200.586
285.843
381.451
376.883
280.828
535.384
389.946
350.327
279.442
436.373
273.321
386.115
834.608
374.364
498.106
268.856
299.170
363.409
279.830
364.065
265.273
487.804
268.177
307.780
532.816
521.934
250.702
330.085
389.408
391.912
284.488
283.300
399.445
295.799
328.328
306.080
440.850
509.997
436.522
359.232
282.792
295.156
493.003
299.228
497.459
===== Round 5 =====
336.180
279.373
376.547
286.402
370.191
300.314
426.304
283.118
338.195
267.169
361.471
282.130
342.434
293.436
400.620
752.503
297.550
335.136
347.082
404.008
599.503
291.216
375.117
202.842
360.174
332.790
616.988
281.448
229.593
618.765
267.953
326.213
485.254
283.665
358.599
361.477
267.231
470.320
150.454
149.902
556.996
241.738
513.714
231.329
396.216
359.784
279.313
372.804
523.635
292.892
227.306
294.514
342.080
241.463
393.613
411.638
362.057
296.435
349.830
281.102
353.798
296.843
391.867
296.887
283.796
380.563
398.709
293.971
287.241
572.326
636.428
261.173
251.587
361.721
293.377
826.785
283.296
392.346
296.681
870.952
577.661
422.476
367.817
500.595
498.033
315.745
562.310
282.769
527.002
179.588
344.604
266.503
343.172
297.010
563.565
491.951
366.295
726.776
266.275
180.353
268.362
366.559
231.868
392.711
281.018
166.004
158.640
245.099
157.025
281.292
477.053
344.166
289.796
378.839
363.089
224.474
360.798
696.580
234.140
392.693
420.288
297.703
577.980
315.899
402.030
939.898
298.615
380.741
258.264
376.177
305.851
815.509
354.426
287.599
282.042
285.941
250.513
157.511
423.342
297.798
321.586
925.984
344.149
453.511
283.409
384.207
367.762
298.742
448.297
362.391
376.039
298.564
354.967
228.022
655.460
594.386
282.713
377.001
379.718
290.443
479.692
431.078
314.872
415.409
463.819
369.191
545.919
386.040
334.120
446.127
360.598
286.240
348.099
293.591
392.949
340.618
677.898
646.130
267.067
284.249
381.334
608.347
276.834
282.333
532.557
273.272
382.882
282.333
330.072
279.253
369.243
289.667
291.728
395.594
335.415
343.497
372.190
295.103
585.397
201.308
===== Round 6 =====
859.134
399.102
294.556
741.832
283.808
342.903
301.978
178.463
769.840
339.317
561.942
275.374
292.437
747.472
251.127
279.442
360.670
280.408
270.841
235.387
480.060
266.753
408.973
730.502
602.413
288.585
390.508
263.100
429.473
283.953
376.252
293.100
376.324
297.646
329.052
385.336
298.244
306.722
668.387
455.569
632.344
274.374
406.921
156.263
632.202
316.480
366.840
251.174
310.019
432.973
475.796
274.213
361.720
391.151
373.649
388.927
360.801
388.720
287.570
735.990
587.200
272.077
270.382
295.292
708.727
556.906
306.774
480.634
313.209
274.420
284.861
345.254
326.036
414.340
293.747
418.503
294.922
158.797
597.619
289.292
420.839
632.058
594.119
449.792
281.913
371.195
277.611
346.278
427.387
279.627
254.144
370.960
298.363
729.064
262.186
154.588
305.059
286.645
375.173
282.092
152.588
356.770
378.416
352.498
286.839
686.851
703.799
404.704
369.049
357.511
295.254
273.648
272.203
260.357
190.935
393.501
392.699
281.185
351.756
269.733
535.504
480.277
302.944
279.507
355.202
286.015
301.980
353.940
511.846
285.797
375.760
561.234
249.184
713.467
267.009
359.481
279.831
290.491
603.445
360.041
302.708
361.522
219.802
369.392
495.045
283.387
383.707
366.874
499.480
296.164
283.348
445.978
352.804
280.868
296.627
422.466
273.960
386.369
273.245
316.371
426.737
350.960
270.565
340.733
294.797
400.531
307.744
282.559
352.171
283.277
371.704
369.426
283.947
299.947
349.335
491.790
659.852
270.664
384.119
381.476
289.056
152.519
283.679
265.333
296.160
257.773
273.516
282.454
362.976
285.639
341.287
420.634
306.417
296.923
255.143
247.916
336.852
518.144
822.940
245.986
===== Round 7 =====
492.465
327.507
397.716
296.332
701.375
229.388
400.373
376.651
283.387
360.958
407.062
361.072
367.548
280.188
392.655
284.822
566.846
537.393
383.028
344.791
403.759
371.596
285.421
380.155
295.107
452.460
466.440
252.496
529.825
291.710
288.971
389.376
291.936
351.017
367.898
281.011
369.278
345.104
238.538
660.560
502.403
406.182
604.883
668.674
277.952
380.909
268.788
356.131
363.586
300.741
407.644
289.945
261.516
532.376
297.107
298.565
537.216
418.841
280.307
274.344
373.195
411.885
288.275
432.770
277.772
252.093
374.180
347.742
271.470
584.107
281.881
374.137
283.229
374.013
318.487
276.180
589.538
278.627
346.820
283.162
377.151
395.260
585.853
598.260
272.151
362.208
294.026
374.024
393.423
268.376
394.889
345.414
297.283
443.692
448.663
390.326
391.519
330.085
454.680
409.045
429.977
421.914
405.134
718.075
292.886
272.778
287.325
435.943
264.254
505.447
296.547
281.189
365.840
292.158
292.206
480.772
242.147
764.347
495.545
294.581
659.794
381.330
335.279
309.411
177.634
811.006
457.996
411.901
698.217
282.501
309.806
294.901
417.080
536.159
380.153
448.201
165.696
480.129
355.009
288.102
373.831
392.413
434.606
509.937
278.167
358.155
293.825
289.114
483.980
365.654
604.547
263.820
280.034
508.696
389.280
519.544
347.017
299.925
425.711
275.862
364.545
297.185
348.797
375.844
294.649
310.145
264.525
391.213
497.552
469.399
483.586
282.002
376.044
267.819
369.099
425.059
437.502
320.211
524.735
161.372
436.186
406.105
356.553
331.944
629.073
769.238
302.709
278.655
330.796
375.377
384.521
263.877
297.338
475.756
382.635
362.064
287.566
372.798
271.243
347.928
===== Round 8 =====
300.051
638.739
304.499
286.408
446.767
388.889
273.512
665.446
454.293
295.301
307.392
291.579
373.749
246.360
367.106
293.973
385.663
297.171
339.622
359.672
368.232
279.130
386.022
244.928
381.466
287.591
377.143
299.314
375.132
281.405
635.887
259.697
570.034
266.313
331.603
285.460
356.221
741.541
398.542
296.676
380.085
474.368
325.926
273.310
266.203
180.308
268.199
275.682
260.827
307.851
285.493
353.714
401.059
282.929
344.479
371.258
564.064
454.209
424.742
614.736
260.949
500.212
296.751
300.304
348.826
496.270
281.113
849.855
522.616
509.265
372.787
283.069
760.723
647.739
272.867
411.323
267.069
274.703
382.184
294.064
275.119
590.230
271.076
376.674
298.032
544.897
269.593
558.899
168.966
499.561
277.119
289.070
279.765
407.338
364.835
550.317
411.977
294.256
437.316
281.587
730.882
281.215
564.833
278.058
357.563
452.853
445.055
341.958
287.759
271.662
287.174
355.346
383.614
722.825
547.144
335.030
456.654
505.022
574.858
310.652
317.339
298.283
347.109
292.139
280.649
477.833
283.230
321.117
185.782
260.117
362.143
297.585
358.647
298.449
361.760
562.368
371.372
355.614
359.181
334.508
273.996
374.128
464.245
252.608
365.578
397.662
522.855
306.310
343.967
472.564
604.255
301.350
310.069
685.791
374.204
282.496
303.239
519.124
280.839
284.820
197.278
435.102
296.732
369.096
408.740
281.275
391.329
250.925
299.927
389.513
274.151
293.727
481.715
556.639
288.493
367.512
213.309
316.157
381.415
292.560
344.402
285.415
375.379
376.630
377.321
289.181
388.224
340.524
239.890
496.233
288.199
309.357
282.243
327.741
393.426
355.389
285.754
358.757
281.410
391.613
===== Round 9 =====
513.453
364.893
296.376
356.639
295.917
294.512
366.328
307.772
355.367
364.453
288.040
383.024
378.156
362.910
510.295
337.380
281.647
367.009
328.649
498.353
333.469
387.273
515.752
277.251
266.964
375.977
936.286
832.339
371.125
284.907
416.050
289.149
291.899
343.231
277.685
387.270
368.017
415.853
285.077
313.301
280.053
389.278
336.455
350.907
310.835
692.402
278.002
271.675
372.599
295.834
348.223
674.105
352.116
282.068
283.861
379.471
274.624
170.333
274.981
302.904
396.930
350.929
251.186
586.992
299.510
280.518
384.368
468.660
285.210
383.406
280.535
390.530
282.623
291.784
390.991
550.186
373.304
284.116
378.459
287.416
310.378
310.977
378.012
909.977
344.490
267.241
364.350
249.411
185.366
339.877
264.530
444.535
363.699
383.498
380.430
288.113
401.935
466.912
443.449
475.922
404.675
375.835
282.958
468.458
378.233
316.338
541.905
362.022
529.815
263.166
350.572
249.985
361.389
318.154
334.616
382.166
288.574
371.823
298.946
388.718
272.437
350.799
355.374
287.826
393.343
297.252
391.202
276.004
296.829
274.117
575.659
298.744
580.946
282.054
279.374
333.327
287.713
431.335
342.805
705.912
410.812
360.998
297.638
381.981
297.960
418.969
394.592
286.229
377.979
424.882
540.730
288.241
728.201
372.287
279.241
387.848
283.543
407.987
583.233
366.710
520.699
540.427
281.176
287.546
364.343
281.942
297.268
388.636
265.608
352.105
288.244
192.158
763.583
280.454
363.999
257.179
348.127
390.907
296.074
304.356
322.714
386.582
289.731
310.591
261.745
367.416
395.070
279.170
279.125
381.479
356.555
357.176
595.111
167.550
491.881
494.835
401.416
347.291
401.693
276.815
===== Round 10 =====
354.895
464.547
283.900
360.426
332.835
267.165
573.921
278.431
352.450
267.005
347.789
603.124
295.983
634.365
397.171
467.644
296.369
283.718
391.244
386.928
385.727
359.779
428.369
268.171
361.490
288.179
365.277
277.884
382.971
279.914
339.637
537.034
511.358
549.427
433.310
302.973
465.053
266.685
772.558
459.403
360.078
272.553
293.546
385.347
343.237
418.771
386.111
403.440
146.577
155.968
256.890
256.626
156.807
156.786
460.876
242.668
281.350
406.473
402.957
352.846
281.701
345.019
379.472
333.659
759.342
395.944
366.097
371.815
253.408
335.099
345.405
302.131
246.228
295.459
283.672
281.078
370.853
380.413
268.869
332.764
448.766
607.127
270.366
288.578
259.650
306.376
462.607
781.109
173.374
272.551
451.090
652.204
491.564
416.748
210.634
268.164
373.917
285.391
351.924
520.697
608.834
457.165
280.307
257.176
465.674
432.706
606.502
289.845
375.814
280.057
467.446
339.227
289.081
817.448
245.981
374.590
437.909
300.369
570.739
739.021
351.305
281.717
459.734
222.509
334.764
280.621
464.491
430.530
456.938
275.403
336.507
311.854
378.502
737.684
322.666
280.091
371.082
358.201
304.274
338.606
289.110
358.231
297.407
256.348
456.145
859.418
1220.322
321.962
604.800
272.982
362.735
588.458
277.305
385.028
337.724
378.062
439.325
266.059
308.763
473.672
364.140
352.891
287.649
507.881
170.479
607.140
242.277
470.175
494.719
298.036
500.088
380.714
287.412
439.464
296.389
358.850
357.035
265.180
325.205
245.301
327.179
281.699
279.892
376.001
269.220
545.278
314.664
879.878
380.474
380.085
297.975
599.967
354.565
297.263
255.363
193.912
542.855
459.452
607.593
298.444
