===== Round 1 =====
632.949
591.672
577.638
583.274
586.751
583.926
580.357
592.584
586.355
577.802
592.408
595.281
577.597
587.927
581.666
586.396
578.619
583.704
590.289
575.988
591.873
582.804
592.340
577.690
590.241
590.850
575.882
582.787
589.283
585.149
589.432
581.222
592.770
578.525
593.828
582.052
583.327
587.708
584.592
589.337
577.591
592.489
586.365
581.138
579.957
589.280
580.696
578.436
588.759
592.077
578.514
585.689
581.601
586.628
575.124
591.629
603.246
607.832
591.558
585.077
581.586
581.236
583.344
592.754
577.310
592.084
587.276
587.609
581.333
592.626
582.939
577.400
588.888
579.255
591.132
577.992
593.056
585.104
577.363
590.096
585.858
576.041
580.696
590.239
582.753
576.881
587.029
587.940
579.643
586.207
585.183
579.824
580.404
594.416
584.388
582.121
592.128
584.447
580.477
590.537
597.708
595.518
578.797
588.689
586.079
584.330
583.516
586.531
584.056
595.763
596.176
581.311
576.829
588.408
594.751
587.201
582.126
596.850
579.179
578.274
580.441
596.195
584.274
584.313
595.586
580.898
585.176
589.374
593.669
579.147
583.833
595.280
580.823
583.483
597.992
584.614
589.687
582.565
596.678
581.552
582.977
595.955
580.516
580.161
587.808
593.872
580.109
586.576
592.968
584.011
588.734
587.212
597.023
579.134
585.431
602.974
580.089
587.787
589.170
589.766
578.723
583.398
592.931
580.879
582.934
590.856
588.205
589.489
585.803
593.952
578.555
586.066
597.597
586.449
590.039
586.945
584.676
580.139
585.849
600.554
580.291
582.990
580.434
591.902
584.054
580.958
587.055
590.281
587.510
583.287
594.407
585.774
579.910
593.749
588.085
580.666
580.658
590.805
586.421
581.636
===== Round 2 =====
605.849
584.085
582.396
603.655
584.788
579.567
580.611
594.885
582.253
581.865
596.117
584.510
580.829
589.606
597.264
580.614
581.936
601.418
584.097
585.541
590.917
588.863
581.485
578.902
591.583
580.731
578.427
587.605
587.131
584.270
583.707
593.051
587.308
586.669
589.679
587.423
577.831
587.207
598.043
577.211
583.594
597.955
584.234
579.181
586.007
592.802
578.998
591.048
590.117
583.926
587.316
589.516
600.306
578.540
589.248
595.266
583.822
583.002
587.725
592.420
578.948
590.927
587.333
580.610
588.409
583.789
595.290
580.823
586.765
590.588
579.249
618.275
599.179
596.848
580.325
591.882
589.262
582.886
590.774
578.694
584.843
594.527
582.881
586.871
579.090
591.829
586.074
590.776
592.297
581.640
589.669
583.702
594.549
597.471
581.705
585.708
583.307
591.455
585.463
586.697
590.994
580.512
591.725
582.388
587.769
589.454
591.449
587.723
582.021
591.394
579.809
593.262
587.986
585.772
586.818
589.909
582.323
583.565
594.211
591.792
584.843
588.987
590.113
589.556
598.836
583.928
586.402
583.258
593.291
592.013
584.213
583.015
599.314
583.473
586.335
584.888
589.821
581.355
587.884
587.326
581.682
585.134
593.571
584.258
588.938
583.412
586.881
584.711
580.318
595.870
585.466
579.360
588.834
586.330
587.809
578.047
601.597
585.887
582.411
587.459
590.961
586.648
582.546
598.498
583.511
582.039
583.641
589.030
584.271
581.875
599.765
581.553
580.148
595.795
582.351
595.704
607.966
599.451
583.349
582.043
591.339
580.382
579.661
592.124
587.740
588.422
583.005
588.659
582.329
579.758
593.553
585.372
578.855
590.151
587.960
592.437
580.701
593.705
582.605
576.968
===== Round 3 =====
585.969
586.805
578.029
596.404
587.665
580.832
586.903
585.417
581.704
578.265
586.715
583.407
576.496
584.357
587.644
583.932
584.947
582.073
585.921
575.983
588.525
584.960
583.333
584.646
581.275
592.877
575.773
594.986
588.400
576.939
587.615
579.657
588.300
575.909
593.124
589.779
579.637
591.592
580.792
586.867
585.957
584.045
590.810
579.565
587.290
581.338
591.770
594.810
575.819
587.387
576.201
583.898
581.753
588.093
584.296
583.174
586.911
575.986
586.695
580.828
580.229
588.953
576.497
592.665
584.674
577.111
580.143
587.786
589.184
576.941
584.518
586.883
575.280
581.896
596.308
591.703
582.726
585.022
586.793
582.007
584.172
582.266
586.031
581.106
584.999
588.533
576.547
581.850
597.974
589.623
586.516
664.253
586.005
579.792
582.955
585.251
578.068
580.904
581.091
585.213
586.360
583.664
587.273
577.674
582.460
590.072
583.233
578.555
586.574
591.499
589.328
575.679
597.881
576.749
579.119
589.954
586.935
581.806
576.992
599.730
581.871
583.471
596.958
579.998
579.519
576.451
591.548
577.053
576.723
593.618
581.885
583.664
578.945
590.144
580.017
578.963
590.490
577.285
581.583
578.383
595.757
581.987
576.448
600.935
577.057
584.504
587.407
585.383
580.460
579.507
596.349
578.672
587.186
578.334
595.073
581.060
578.798
591.953
582.587
583.094
579.228
590.715
586.534
575.330
594.888
580.781
575.150
588.797
586.500
580.434
578.212
599.166
580.089
581.178
591.803
578.904
580.830
579.726
594.800
585.908
576.344
596.946
583.422
583.297
583.344
589.678
583.888
580.427
599.658
578.847
576.355
586.707
590.200
576.825
583.422
591.505
582.961
577.402
587.926
593.103
===== Round 4 =====
586.477
590.306
588.296
575.032
581.439
588.079
585.353
582.337
583.586
590.949
575.090
582.083
591.753
579.036
586.867
584.151
588.325
575.680
587.622
587.145
582.532
581.066
580.662
588.340
572.914
589.123
586.400
577.450
577.673
583.716
584.912
580.779
581.213
588.087
572.965
593.277
580.043
589.274
575.330
587.361
582.656
577.391
584.420
578.168
583.391
583.829
579.933
585.736
574.274
588.920
574.849
586.171
575.699
582.258
586.924
578.438
592.041
578.855
580.795
576.409
581.755
592.853
580.215
584.911
579.363
584.077
589.066
581.172
584.737
582.534
581.595
577.174
581.985
587.932
582.073
587.175
575.046
591.517
586.547
576.174
587.284
575.285
584.794
581.439
590.852
580.413
582.115
586.656
578.412
586.738
584.451
582.253
583.288
586.095
581.985
580.108
581.937
586.479
581.017
576.483
582.975
582.731
582.811
580.674
582.955
584.780
577.985
578.741
588.758
580.164
582.902
582.561
577.907
586.843
580.461
581.997
579.744
590.282
584.811
584.719
582.463
587.836
581.502
577.161
586.935
587.911
582.581
591.202
589.632
584.446
576.936
587.451
586.761
576.774
589.577
587.866
582.387
575.651
591.627
581.214
581.083
587.344
590.063
577.675
578.834
596.052
577.821
574.371
585.017
583.230
586.414
578.635
598.475
577.125
575.338
590.761
580.065
579.315
577.032
592.816
583.428
579.943
599.199
579.568
582.281
581.560
592.529
579.010
575.884
583.148
587.271
579.153
582.768
587.777
583.667
574.309
595.773
596.510
577.523
578.396
588.284
583.500
575.342
581.747
593.015
575.772
581.195
595.429
587.482
575.100
587.372
587.050
590.505
581.104
593.354
579.217
581.638
587.309
581.560
576.435
===== Round 5 =====
594.174
579.526
583.599
576.450
586.376
576.721
586.110
600.433
573.735
580.019
577.725
595.739
580.000
582.857
597.451
574.869
579.204
589.702
585.286
576.980
581.888
593.113
581.233
585.411
591.270
578.831
577.358
577.446
593.194
577.584
586.664
600.679
575.882
588.890
575.710
595.217
576.593
583.466
592.467
577.287
580.348
580.889
591.647
574.221
578.489
598.540
573.513
582.084
586.872
588.633
578.869
575.548
602.401
575.349
584.678
584.296
584.830
577.120
576.835
597.773
577.562
578.689
588.081
590.352
581.189
587.716
595.367
583.864
580.885
596.558
584.243
580.519
581.595
596.712
581.951
580.326
585.693
587.677
582.988
591.320
584.148
580.913
577.354
593.725
585.602
582.939
591.906
585.320
584.983
577.412
589.204
586.771
576.430
587.499
588.834
576.830
587.842
578.674
587.480
579.396
589.066
586.324
582.692
589.536
580.246
594.199
583.901
594.865
587.408
577.206
595.462
579.727
586.907
584.621
586.719
594.957
580.309
599.351
586.092
584.042
587.059
580.008
588.930
580.496
593.185
587.971
580.123
596.435
578.319
589.298
580.069
589.599
590.804
580.721
590.657
583.140
593.494
593.675
580.763
588.067
575.811
590.995
576.232
584.873
591.864
580.491
583.770
580.147
600.365
582.215
585.980
591.225
578.069
588.948
592.030
584.887
581.887
582.419
599.918
576.452
589.042
589.723
581.882
587.876
579.391
593.163
585.243
585.111
586.897
583.682
594.282
596.622
583.992
582.020
589.316
591.526
582.979
588.507
592.973
585.143
582.450
593.589
585.141
579.625
595.982
580.599
578.368
584.580
584.366
588.275
582.020
602.119
580.449
580.300
585.625
591.089
579.653
582.645
595.434
583.783
===== Round 6 =====
594.342
593.128
582.180
579.023
586.747
583.996
577.533
587.976
592.533
578.813
584.423
584.284
585.764
577.169
590.445
592.329
577.447
582.155
585.991
589.969
583.313
586.266
589.684
579.153
586.713
579.530
581.235
579.034
586.242
596.341
578.935
585.766
581.342
585.069
578.140
586.555
591.450
578.308
588.027
580.914
582.760
641.687
588.752
584.449
579.397
590.716
587.329
578.491
590.102
580.857
585.418
581.767
591.119
595.501
583.222
590.971
583.095
586.484
588.061
584.024
589.731
579.503
588.963
581.406
591.823
589.302
583.156
592.032
581.245
587.994
584.270
582.513
593.196
581.371
586.862
578.081
592.054
590.164
581.185
587.055
587.057
584.914
585.466
599.847
587.263
578.081
595.771
583.080
586.078
593.169
581.876
585.724
582.516
590.737
583.704
587.280
584.526
580.266
588.712
587.513
580.761
581.091
591.000
588.865
583.271
586.544
587.428
584.064
579.082
594.182
585.514
582.503
585.257
590.937
589.076
577.561
587.860
587.317
581.581
586.970
586.588
579.448
577.374
592.999
593.426
575.633
596.646
582.496
581.927
586.747
592.362
586.333
579.688
585.268
583.970
584.174
592.977
584.358
582.094
578.066
595.547
582.306
578.184
585.712
586.540
585.040
582.539
597.682
584.274
583.793
590.578
585.096
584.673
578.161
594.235
584.195
582.412
592.302
583.127
580.741
577.493
606.109
584.163
577.787
595.812
584.546
584.847
579.928
597.891
583.718
579.378
599.702
580.592
576.885
576.041
594.743
582.854
579.491
596.955
582.497
580.569
585.663
588.339
578.830
582.847
593.145
582.665
583.585
585.114
592.456
582.190
580.117
587.977
579.720
581.516
590.933
587.295
589.047
580.168
589.791
===== Round 7 =====
585.119
582.797
597.646
578.406
574.774
584.470
585.189
589.026
575.726
597.106
576.417
578.057
586.981
589.319
576.611
582.351
592.331
576.467
591.377
589.801
588.229
581.442
588.031
591.295
576.107
578.605
592.492
575.105
580.748
581.980
592.430
578.675
579.359
600.684
575.859
580.084
585.468
583.777
579.295
584.066
588.479
577.202
587.232
591.868
582.844
576.375
581.173
590.074
579.447
583.921
593.352
587.918
579.557
584.845
587.007
579.595
576.705
596.048
581.760
579.327
587.551
586.717
581.802
583.207
585.474
584.609
578.914
592.877
584.403
579.883
585.093
585.316
583.245
580.312
589.989
586.595
578.049
584.346
580.040
585.946
581.280
589.430
589.707
576.852
587.941
575.564
586.479
581.042
586.130
585.177
583.768
589.251
579.885
581.182
581.708
584.139
584.467
575.759
583.776
576.068
580.338
591.758
578.482
585.383
574.798
588.647
575.209
585.867
586.887
578.167
590.370
581.803
590.090
576.411
586.071
594.573
576.990
583.502
586.130
578.995
577.739
584.528
593.719
577.641
585.972
587.021
581.066
577.445
587.525
587.794
576.502
589.956
588.187
581.727
577.875
589.802
589.178
577.263
586.712
588.230
577.472
579.187
596.163
590.621
579.081
581.489
589.081
578.273
581.815
591.599
579.892
577.491
590.047
578.926
579.406
576.397
594.741
578.990
580.077
590.851
585.386
576.262
581.395
588.272
579.935
576.455
590.042
582.844
578.237
578.110
600.803
576.093
577.487
593.409
579.504
584.674
588.271
588.997
579.527
578.384
595.468
576.952
580.162
592.384
585.040
580.307
580.855
596.122
580.726
580.770
587.191
587.752
586.476
576.983
598.845
576.825
599.742
591.772
587.217
583.343
===== Round 8 =====
607.968
579.642
580.684
576.140
601.816
578.708
580.967
609.225
576.406
579.065
579.973
593.867
581.024
576.066
596.443
579.948
582.687
590.978
584.874
579.834
576.470
600.247
577.744
578.318
592.508
585.837
583.071
580.979
593.247
578.424
576.105
584.954
580.050
578.965
577.299
592.124
576.439
581.131
586.768
585.357
576.007
588.423
586.830
578.132
575.806
593.516
585.481
582.878
590.371
579.854
579.104
577.498
598.904
578.927
582.171
589.764
584.311
582.438
592.220
593.325
580.848
577.674
591.209
584.183
580.966
585.807
594.799
578.072
582.179
588.595
586.572
578.829
586.292
589.182
580.672
576.599
589.466
590.038
580.638
589.339
587.990
578.285
577.450
587.271
590.522
581.265
584.900
583.801
577.520
594.960
579.163
587.716
576.587
596.234
585.028
575.864
588.260
576.502
586.893
580.665
592.799
584.448
577.415
589.981
577.750
586.872
582.635
584.441
588.953
575.959
595.453
577.307
584.580
588.441
577.700
587.089
576.973
591.092
588.752
577.646
593.073
580.153
594.066
579.189
584.626
588.972
577.052
589.563
581.307
589.299
590.845
582.288
591.484
576.111
594.737
579.190
587.897
587.186
580.214
586.320
575.762
593.826
580.075
590.499
592.398
575.469
586.927
579.502
590.876
594.714
584.786
600.307
577.703
585.537
581.690
576.959
579.414
592.280
582.404
584.297
589.041
593.707
581.513
580.429
587.843
582.332
617.002
588.471
582.908
577.143
582.509
588.524
580.604
578.100
593.289
581.566
579.421
590.514
588.242
581.715
580.645
586.965
580.522
583.696
588.552
587.053
577.981
576.958
593.378
584.580
579.545
591.553
579.531
582.729
578.722
593.668
580.306
578.673
599.585
582.757
===== Round 9 =====
584.614
588.316
584.503
582.125
581.639
584.354
578.633
585.812
601.551
579.635
580.294
589.528
586.993
578.048
584.825
600.872
576.932
578.031
588.754
590.876
581.894
585.027
594.902
581.805
586.211
587.654
587.812
582.278
584.838
591.933
581.049
580.025
594.019
584.364
583.155
590.140
590.786
582.223
578.951
591.575
588.934
579.617
581.959
585.259
582.805
588.811
581.914
586.159
580.968
590.336
592.568
583.895
589.524
583.079
586.675
582.061
588.919
586.565
579.859
591.823
582.649
622.694
589.222
631.698
583.095
580.897
590.050
585.189
582.284
592.611
580.858
591.932
582.440
595.073
587.869
579.290
588.652
584.088
586.901
587.865
587.986
585.381
578.336
587.029
579.881
587.270
593.198
584.408
588.356
579.547
593.150
577.078
589.172
586.809
578.029
584.811
586.407
585.591
579.891
588.728
589.636
583.549
590.892
574.908
580.298
583.642
585.276
581.846
596.245
592.074
572.832
580.998
595.873
587.351
578.133
597.308
590.537
579.191
584.862
583.360
590.713
580.064
585.233
587.920
576.476
587.179
589.051
577.962
587.531
587.893
588.391
578.064
589.636
593.616
573.416
582.241
589.219
589.117
579.245
588.767
584.839
578.869
581.504
585.783
589.239
581.465
588.585
595.317
580.284
584.735
581.690
588.386
580.860
592.668
590.274
581.655
583.968
585.020
589.285
581.300
586.891
584.550
576.714
585.217
579.734
587.550
578.611
590.550
582.907
582.828
582.238
576.198
582.840
585.842
581.331
584.800
577.366
588.956
581.280
586.325
591.727
577.168
580.340
579.265
584.632
580.533
594.980
585.200
578.976
582.700
582.705
592.031
584.392
580.451
589.103
577.531
588.102
586.472
578.773
589.924
===== Round 10 =====
592.893
585.365
579.428
588.940
585.301
579.438
591.635
583.175
576.672
578.710
591.951
586.290
577.629
587.306
586.703
579.849
591.584
583.940
582.098
597.804
583.653
586.683
586.944
583.677
586.109
576.974
577.978
589.248
589.840
579.377
589.055
585.184
585.427
578.618
594.109
581.018
579.414
588.645
588.587
579.801
583.247
598.510
581.200
580.400
586.446
589.979
578.893
582.085
600.531
578.571
580.298
596.175
582.282
584.857
578.664
597.617
579.407
578.586
596.676
584.537
578.788
580.660
589.898
583.839
579.225
589.775
579.375
579.576
587.529
584.985
580.535
586.569
591.030
602.888
649.877
594.410
586.417
577.924
586.669
593.523
619.093
594.019
592.120
584.257
582.853
579.006
597.924
578.301
581.747
591.630
581.980
580.061
576.419
599.024
587.217
583.728
597.258
582.858
581.867
577.398
597.582
577.774
583.196
593.544
578.688
584.131
593.597
581.906
581.096
580.210
593.686
574.395
580.589
594.826
582.916
588.024
579.102
599.375
581.357
582.605
590.892
580.898
582.796
588.976
589.578
580.594
584.512
606.775
577.405
578.874
581.266
586.586
582.126
578.973
602.909
578.494
582.904
587.083
585.314
578.529
579.723
594.456
580.959
580.905
591.315
583.643
585.862
576.459
592.852
578.925
581.375
586.962
586.085
586.290
578.554
598.120
579.136
581.465
590.177
587.358
578.971
577.638
591.317
582.871
578.442
582.090
590.744
584.784
584.254
590.860
585.028
579.289
593.746
586.779
578.670
585.957
581.047
580.380
582.624
594.689
576.854
578.435
584.846
591.776
580.990
577.546
602.354
579.970
579.130
584.522
583.315
578.356
583.415
591.415
581.801
576.902
584.980
586.050
589.264
594.083
