582.94930
585.57700
581.26460
590.50760
581.97080
577.97260
587.58630
586.94950
573.41980
586.28520
585.69960
588.62430
576.61150
586.63500
589.86860
582.44830
586.07820
586.53670
584.79670
580.44730
577.72750
600.34290
577.97880
578.28430
586.80630
596.88660
587.21400
582.90000
594.43860
580.65950
578.57010
586.87520
591.60720
578.69770
584.99440
602.31290
580.82820
583.17400
587.17390
585.66250
576.51290
582.72500
591.38960
581.05610
578.89990
589.79360
584.74550
583.13530
586.83780
590.85160
581.30840
578.48860
586.24430
582.19490
576.35510
589.88670
589.59260
576.55680
584.30310
584.05060
583.16060
576.75320
587.91630
587.80360
577.87780
587.45570
579.92130
585.62380
584.24850
587.39410
586.55600
577.65570
586.57960
587.49210
578.70380
582.30820
590.21340
586.39900
578.21210
593.71410
582.75040
580.89250
578.78630
589.17570
590.01660
578.17450
584.19450
588.78890
578.42650
587.91700
579.54450
590.43850
580.72190
589.08410
590.78820
578.39360
587.39530
579.18920
584.68970
578.36210
592.86350
592.22620
576.35660
586.68200
582.96420
585.63540
580.58700
587.57870
586.75820
578.41640
588.67940
578.93980
589.27430
585.22660
581.92360
584.00710
580.30300
592.33530
576.15800
591.73050
592.84610
584.98870
585.65330
587.44470
588.41890
578.89280
585.81140
585.61940
580.42660
589.55440
578.93870
590.87740
581.62970
588.21140
595.68580
585.99930
582.78200
585.08470
587.50920
592.86200
589.48420
591.98400
583.43160
591.37570
588.59670
581.96520
583.65040
580.94620
583.70130
581.08520
584.64000
584.48110
586.77480
584.88860
585.53490
577.30410
577.96620
584.32350
587.88030
579.66130
590.01860
592.68690
581.84000
581.05660
583.70390
586.95170
575.49270
584.70610
587.82260
581.30190
577.60540
593.81670
582.13900
587.54160
584.74010
588.59850
577.64780
577.91580
592.75280
578.32910
582.11730
590.60500
586.17650
587.76590
580.35060
598.46070
577.26160
580.21620
585.18000
589.53550
580.94320
580.37760
593.34940
586.76780
578.85960
590.32280
584.72900
585.03700
582.34490
593.88780
